#/usr/bin/env python
"""
This file was generated automatically.
"""
from matplotlib import pyplot
pyplot.figure(figsize=[12, 10])
pyplot.subplot(221)
pyplot.imshow([[0.2292847667555522, 0.1990564655585695, 1.1237635207673454e-16, 4.699525794695919e-17, 0.01447012983252141, 0.2293678035576606, 0.21028235014030036, 1.9792177140643637e-17, 9.038707003522987e-17, 0.014088060145370656, 0.006949525739255889, 0.01634870271112511, 3.013138440292815e-17, 2.5980525714024263e-17, 0.002745617679449438, 0.023520277789890198, 0.023417275145537313, 6.87494326561837e-17, 4.1629128574010525e-17, 0.0006612886783244037, 0.0012554063722163694, 0.00019301015223176753, 2.915022501765665e-17, 2.2799197778909303e-17, 0.00039442072056089256, 0.003312940437070408, 0.004573027746317933, 2.770447023953198e-18, 1.052897757920402e-17, 0.0001624626423019736, 0.00014713107538509053, 0.000372838333723962, 7.897671292567054e-18, 3.3639644411329016e-17, 5.854369340464727e-05, 0.0005824558404753533, 0.0005790832915190513, 2.8846744300667603e-18, 8.58007655106372e-18, 1.233197684115579e-05, 3.685496103024606e-05, 1.456802451331278e-05, 1.0498273629680016e-17, 1.2213202208881436e-17, 1.098747559667788e-05, 9.264814941733167e-05, 0.00013968025714742628, 7.4338938667489335e-19, 2.6661712236232053e-17, 5.034349808823841e-06, 4.1163528216713735e-06, 1.284801810688685e-05, 1.5452852602148417e-17, 3.4616979962134847e-18, 1.7280872305476492e-06, 1.8059121360288963e-05, 1.6984151781669968e-05, 9.013474249258614e-18, 1.0678915325063421e-18, 2.8483903171641796e-07, 1.2335951724371658e-06, 9.426423010754775e-07, 4.679810803317321e-22, 1.9974235667671599e-22, 3.538904911532838e-07, 2.9268325398880413e-06, 4.714358462488272e-06, 1.0043845065653185e-22, 4.0047886629761193e-22, 1.7580768008822016e-07, 1.248044613332694e-07, 4.875280674547511e-07, 1.351441067378236e-22, 2.009780600001049e-23, 5.5648248704388836e-08, 6.050348555722979e-07, 5.301254754272455e-07, 1.0078669979466459e-22, 9.782754711326525e-24, 6.486992718815129e-09, 4.368995441816903e-08, 4.695714113205074e-08, 5.2271120480468866e-23, 5.890460593323709e-23, 1.209052757650958e-08, 9.744833403928232e-08, 1.66912990144652e-07, 1.267894852660765e-22, 2.6385262650412195e-23, 6.4671211531591374e-09, 3.937758660810253e-09, 1.92835893156329e-08, 1.2517732463554857e-22, 6.667130357429813e-23, 1.867447672844122e-09, 2.1108498421407162e-08, 1.6994628981858995e-08, 7.153345636976165e-23, 1.2559221317763525e-23, 1.2171126487301592e-10, 1.6146486344140176e-09, 2.133833978436306e-09, 2.2575604737651534e-23, 2.6016332665653696e-23, 4.2729618151063353e-10, 3.3456694055813974e-09, 6.0621329440666005e-09, 5.363992523449611e-23, 5.206630892504813e-24, 2.467750693461307e-10, 1.4653848013496118e-10, 7.759906744952971e-10, 5.391259926082594e-23, 4.822391173471695e-23, 6.190267124849685e-11, 7.496529950620778e-10, 5.98289339077962e-10, 1.6739419930000017e-23, 1.905778156124243e-23, 3.041065012657218e-12], [0.1990564655585695, 0.17286688521577806, 9.692304304452594e-17, 4.37835849192266e-17, 0.012552245311067807, 0.19889608904564104, 0.18247292830183573, 1.791027810753001e-17, 7.921821255580847e-17, 0.012249601846060686, 0.009371367772396751, 0.017172651941808132, 2.7262560861448912e-17, 2.2459933625425858e-17, 0.0025805871862275586, 0.023662334238426355, 0.023281729133651625, 5.971463312894244e-17, 3.614852304960899e-17, 0.0007827363355045009, 0.0022614838401205546, 0.0013438951420000188, 2.5583741995609756e-17, 2.0274657948342696e-17, 0.00044599240197489606, 0.004278186305568227, 0.00526182604210255, 2.545625042777461e-18, 8.847951530288173e-18, 0.0002154624947767244, 0.00012098301333424676, 0.0003498682408830233, 6.806376879719798e-18, 2.897205988176027e-17, 6.551335442166227e-05, 0.0006015311168585183, 0.0006240673908327679, 2.547727571888006e-18, 7.299315019481767e-18, 1.282707194881971e-05, 6.888199834120985e-05, 1.7507181848040038e-05, 9.260997500037988e-18, 1.0296751896243522e-17, 1.335058968695733e-05, 0.00012901634754166821, 0.00017183792677395726, 6.461938855026252e-19, 2.3144626265109423e-17, 6.956889166764e-06, 1.6523873441059989e-06, 1.1232199472981444e-05, 1.311685427504697e-17, 2.8958961222526628e-18, 1.961647843953915e-06, 1.809768928042431e-05, 1.8054005342812984e-05, 7.877964611316503e-18, 9.580345573672577e-19, 2.0804954266437272e-07, 2.4641704225464994e-06, 5.006675426501295e-08, 4.012622926082646e-22, 1.7573345221114834e-22, 4.443766963742324e-07, 4.300999299015548e-06, 6.058455840448479e-06, 9.03622951246172e-23, 3.4724393247720134e-22, 2.5464431850023405e-07, 9.999230842633322e-09, 4.242393394620486e-07, 1.1879595915093495e-22, 1.7362133861581952e-23, 6.257022473082387e-08, 5.808926158267641e-07, 5.328542958069754e-07, 8.901845444441493e-23, 8.283576807438583e-24, 2.3172802142857468e-10, 9.401814455266277e-08, 1.5852671666691243e-08, 4.602950926495511e-23, 5.081629717013106e-23, 1.5587693664694327e-08, 1.5049349106656396e-07, 2.2332736911330475e-07, 1.1026587535134374e-22, 2.2737048886269755e-23, 9.870906838758096e-09, 2.677751001836648e-09, 1.7344001620317462e-08, 1.0868717859413404e-22, 5.819974416253706e-23, 2.0529281681731792e-09, 1.9265337880547406e-08, 1.5413100405356484e-08, 6.204963570542934e-23, 1.1344192286606004e-23, 2.4995335011837594e-10, 3.741212406711825e-09, 1.1890831791427914e-09, 2.1773368718543832e-23, 2.2680154826515286e-23, 5.661077738311135e-10, 5.438772878244014e-09, 8.464232282949513e-09, 4.7048774520917813e-23, 3.1107439252724494e-24, 3.981220397298625e-10, 2.106448795773097e-10, 6.808213949202613e-10, 4.6049359575729803e-23, 4.134921199575235e-23, 6.213314536268263e-11, 5.982888099873018e-10, 4.4538243449201986e-10, 1.4011199554644038e-23, 1.5722651886442582e-23, 2.052366105840739e-11], [1.1237635207673454e-16, 9.692304304452594e-17, 4.0818254540942594e-31, 5.639541232066704e-32, 7.153207111964499e-18, 1.14080432965637e-16, 1.0416397920435062e-16, 1.289621185844794e-31, 2.1228053368293076e-32, 6.767762768361829e-18, 1.7942307902481883e-17, 1.220434901982471e-17, 1.0657672231811342e-31, 4.962854436099389e-33, 2.911779300521311e-19, 4.3913539720326535e-18, 5.1939111131658044e-18, 6.80122643433727e-32, 1.4480651618614075e-31, 1.4013042702955632e-18, 7.196608560344063e-17, 6.695110703602313e-17, 5.750996012018951e-32, 5.049571023240423e-32, 4.113303485455297e-18, 6.59872211368981e-17, 6.095493319546148e-17, 3.374569663276292e-32, 3.560960598494898e-32, 4.8406023373050725e-18, 8.409394455208282e-17, 7.875186082554715e-17, 2.4624172237564514e-32, 6.823284171180391e-32, 5.402612228587657e-18, 8.102784396869312e-17, 7.782473607787337e-17, 1.5513360772368988e-32, 1.0800213324445512e-33, 5.791992656692977e-18, 1.0997057339287001e-16, 1.0043911012865451e-16, 1.9997492512582574e-32, 8.985979317190647e-33, 7.583726979137814e-18, 1.1804138665833273e-16, 1.059222348813106e-16, 1.5125407234524286e-32, 3.945999741334339e-33, 6.574732523438937e-18, 3.0875536026351584e-17, 2.3579619679620383e-17, 2.5601415215880854e-32, 6.617098098046741e-33, 5.259857786439641e-19, 1.9736865685672098e-17, 1.7811546282920138e-17, 5.5451182983899115e-33, 1.0235898440937488e-33, 1.9329718266409053e-18, 3.967386998194284e-17, 3.5755230046164704e-17, 6.038605494988736e-34, 2.6473901902853763e-34, 2.7716836772018217e-18, 4.593947598033219e-17, 3.845003637937141e-17, 6.345480384204189e-34, 2.7994683990527496e-34, 1.9757404739712075e-18, 6.992222293638892e-17, 6.237428677536642e-17, 1.008327694755e-33, 6.3994581429261936e-34, 3.5149806389648516e-18, 6.067401151523574e-17, 5.619045284905144e-17, 6.774093656688087e-35, 3.337557184860709e-34, 4.669829957673398e-18, 8.188951199763296e-17, 7.767029749617286e-17, 8.121267829208536e-35, 2.6704034746241415e-34, 5.251295288255403e-18, 7.88979923844182e-17, 7.408749669143768e-17, 1.7552260777858848e-34, 3.673083427334294e-34, 5.615856152326917e-18, 1.0019349533308219e-16, 9.253935635829464e-17, 5.257936668194259e-34, 5.9875455681092225e-34, 6.545901711156762e-18, 9.934869498883306e-17, 9.500555268117194e-17, 3.487538685655086e-34, 2.769622045039798e-34, 6.679506113409378e-18, 9.487073510000279e-17, 8.697366231799567e-17, 1.518871595518717e-34, 1.2613890307245865e-34, 7.285186861707837e-18, 1.132268273943279e-16, 9.561014960069064e-17, 4.472843098071023e-34, 3.6754720192097444e-34, 4.994869500444847e-18, 1.5593201580468317e-16, 1.3882433236787373e-16, 3.4108587334386645e-35, 1.0499441038465222e-34, 8.384131753207653e-18, 1.4752008720766288e-16, 1.2592344603735584e-16, 4.010586327199986e-34, 2.7097293945977283e-34, 9.665829046841936e-18], [4.699525794695919e-17, 4.37835849192266e-17, 5.639541232066704e-32, 2.7934769249529923e-31, 2.4562948905223403e-18, 3.510043045395068e-17, 3.8221644350873744e-17, 2.2243445964507396e-32, 6.789459304957861e-32, 3.860087000508096e-18, 1.7085937602862837e-16, 1.5524865494260517e-16, 9.565502585548527e-32, 2.2282119819600605e-32, 1.0374476878609036e-17, 1.6535708521789595e-16, 1.533051874588764e-16, 2.417659184628741e-32, 4.130071877338357e-32, 1.1055590942648262e-17, 1.1775301384321892e-16, 1.1125570731798962e-16, 5.671949980214197e-32, 4.342671545691291e-32, 8.827791598090164e-18, 1.2998542416353622e-16, 1.1839024559287726e-16, 7.522465343707398e-33, 2.740498774372504e-32, 7.286122108761395e-18, 5.436273038732058e-18, 9.351587919946058e-19, 6.348244727262379e-33, 2.8474736338926106e-32, 1.080422455809632e-18, 5.00625004658962e-18, 6.246907164957337e-18, 1.3533471367996625e-34, 1.2018387712879072e-33, 2.176373107762223e-19, 1.2736882105442722e-17, 1.2117517749702885e-17, 9.459241061986073e-33, 1.4780349306541723e-32, 7.154048816025903e-19, 1.2769939771083813e-17, 9.829754993181686e-18, 8.287499523560813e-33, 6.535539663666336e-33, 6.8595706377909185e-19, 1.1388667930358264e-17, 9.420329670303325e-18, 2.4921868614993214e-32, 1.4330475501965646e-32, 7.464721250489465e-19, 1.4228704627202145e-17, 9.99166063734111e-18, 2.108962511262093e-33, 1.8401351674434908e-33, 3.838215215246758e-19, 5.337967469513219e-17, 4.636007451821833e-17, 3.766815931352e-34, 1.6867433327132318e-34, 3.297099396275432e-18, 5.688372532813217e-17, 4.811056681219482e-17, 4.007096869085664e-34, 1.781776858030024e-34, 2.8537133167054424e-18, 6.403989413588764e-17, 5.4671022055472994e-17, 6.4129084545225905e-34, 4.065545422704551e-34, 3.347908363630486e-18, 6.088473730844411e-17, 5.344074155331686e-17, 4.3388901223042163e-35, 2.1200492909473496e-34, 3.7521924609324685e-18, 1.0840895106728341e-17, 7.420438294422184e-18, 5.151854068306384e-35, 1.6968236328030231e-34, 1.1007381439565401e-20, 5.104389457886285e-18, 4.511575387855668e-18, 1.114597872238106e-34, 2.334475565633729e-34, 7.392516828866463e-19, 2.1455234856559088e-17, 1.990486106119294e-17, 3.3395635156748553e-34, 3.804013979134196e-34, 1.1610002074071195e-18, 1.8490039110330463e-17, 1.893739887502815e-17, 2.217394098740566e-34, 1.759950576880953e-34, 1.5417140839614326e-18, 4.8102091745435107e-17, 4.2755850456675706e-17, 9.66549072137685e-35, 8.030616922190996e-35, 3.4295093427556664e-18, 5.651770380570529e-17, 4.626771904036093e-17, 2.840535688323597e-34, 2.3344123925953037e-34, 2.375251203144244e-18, 9.939720354377398e-17, 8.883401091567905e-17, 2.1764767212157532e-35, 6.674943335130899e-35, 5.5159344185953564e-18, 9.522431878517056e-17, 8.173732393021896e-17, 2.546333336335967e-34, 1.721342342986745e-34, 6.191946712134474e-18], [0.01447012983252141, 0.012552245311067807, 7.153207111964499e-18, 2.4562948905223403e-18, 0.0009154027372401879, 0.014524265719978727, 0.013287044949352074, 9.635050475733795e-19, 5.614064752230776e-18, 0.0008851495731875536, 0.00027057473205982225, 0.00040173804221599156, 1.5805767292752655e-18, 1.55692151665025e-18, 0.0001306211275489968, 0.0007775460428433192, 0.0008450133468041591, 4.2839027324043425e-18, 2.5992295468994466e-18, 1.1434450932282372e-06, 8.426199858179611e-05, 1.182919240291997e-05, 1.7867586468980033e-18, 1.365753602243014e-18, 1.8159063769933494e-05, 0.00016522298857943167, 0.00024040156216160753, 1.2490743756000164e-19, 7.039094021527293e-19, 9.698163347664612e-06, 6.94319690331042e-06, 1.2437101295217673e-05, 5.154653191762405e-19, 2.1723301035736905e-18, 2.0166320223368733e-06, 1.601167262061916e-05, 1.3778794648924451e-05, 1.6972771384119736e-19, 5.698361325615582e-19, 4.155300834355965e-07, 3.4560671887345993e-06, 1.1688501077290704e-06, 6.300758549945546e-19, 8.250242500194957e-19, 5.160503850225361e-07, 5.0156640644883265e-06, 7.840549625693e-06, 4.3460944866112326e-20, 1.677417892060491e-18, 3.655066890829374e-07, 3.4692298407342035e-07, 5.353744736283968e-07, 1.0405695850221524e-18, 2.3843136906861943e-19, 5.1999971680970116e-08, 4.16938102574399e-07, 2.1199344461635388e-07, 5.44848248385308e-19, 6.022574959756668e-20, 2.847400824466332e-08, 1.4178166685770328e-07, 6.91807810309893e-08, 2.964479025383759e-23, 1.2108187949092184e-23, 1.7457654221008007e-08, 1.720856551628647e-07, 2.8880265640529763e-07, 5.683081180140401e-24, 2.5255673744331984e-23, 1.482147580783176e-08, 1.6729912431421266e-08, 2.4236050310318807e-08, 8.457115415427566e-24, 1.3654553008825491e-24, 1.4313599644804578e-09, 1.1459374613933745e-08, 6.923242417723741e-10, 6.213104608914401e-24, 6.211965478314448e-25, 1.5375522901449551e-09, 5.913985140146294e-09, 3.6729203303992666e-09, 3.10323810961967e-24, 3.744571220919254e-24, 6.330900901785276e-10, 6.2266517746999844e-09, 1.124238757275152e-08, 7.874325554022998e-24, 1.6974092822410624e-24, 6.212752833958707e-10, 7.823043760100262e-10, 1.1154404049723565e-09, 7.886276303753527e-24, 4.089855210016328e-24, 3.864982312873962e-11, 3.119893744393809e-10, 3.285911334693914e-10, 4.586223869658794e-24, 7.401819963726064e-25, 7.666454028955414e-11, 2.5059659826843356e-10, 1.8309362359580916e-10, 1.0504960180498504e-24, 1.6367175187228711e-24, 2.4011854563878426e-11, 2.333960343243492e-10, 4.5059843763141025e-10, 3.291927904263699e-24, 5.438058748482672e-25, 2.662788825902123e-11, 3.894089396641945e-11, 4.459556061562307e-11, 3.484693767754781e-24, 3.0386472800296705e-24, 3.94857882962717e-13, 3.041061109529397e-12, 2.0523630375485907e-11, 1.1331378071936464e-24, 1.3708306162688823e-24, 3.952399026146318e-12], [0.2293678035576606, 0.19889608904564104, 1.14080432965637e-16, 3.510043045395068e-17, 0.014524265719978727, 0.2305452612092051, 0.21072869671285907, 1.396834731278653e-17, 8.809895257564755e-17, 0.014004737446547483, 0.008890864613126074, 0.002267486731341994, 2.3327263304202427e-17, 2.457721549179946e-17, 0.0017971421245609116, 0.007813679837716272, 0.00931155307949847, 6.775021002370487e-17, 4.113677534222946e-17, 0.00030246812982147683, 0.00029468035513944765, 0.0012977834875648065, 2.795183108132757e-17, 2.1051465613063736e-17, 0.00017941556617314552, 0.0012567038516259638, 0.002540160751968055, 1.7393916937659217e-18, 1.1515703081091958e-17, 8.59329588329778e-05, 8.73242887133932e-05, 0.00019606121600413036, 8.254384626575682e-18, 3.475022025406987e-17, 1.8178341483320883e-05, 0.00017400136425626926, 0.00010539750111079188, 2.6237605540759962e-18, 9.231036457740314e-18, 7.973411063349253e-06, 2.2552014731121173e-05, 4.550426835975459e-05, 9.790541023602851e-18, 1.3478414892728629e-17, 4.780381307840573e-06, 3.5937587074810415e-05, 7.910238627668702e-05, 6.81174760137413e-19, 2.657434186735343e-17, 3.5477601426631275e-06, 3.1012693093544763e-06, 9.31261715968884e-06, 1.690647870662229e-17, 3.924850093087775e-18, 4.4338482029187935e-07, 5.0926972555848105e-06, 7.884712409055028e-07, 8.532083127266121e-18, 9.101884356248496e-19, 3.833339724309409e-07, 1.004031311644879e-06, 1.887157069863088e-06, 4.748449866152109e-22, 1.8867440080346974e-22, 1.5943323187432145e-07, 1.1754437796319267e-06, 2.8642970361907744e-06, 8.577462980696711e-23, 4.0068840981473183e-22, 1.4570850698919502e-07, 1.3282336331667255e-07, 4.14730579378908e-07, 1.3262368706845176e-22, 2.1981430440867615e-23, 1.1818063119480374e-08, 1.6202824450022024e-07, 5.214643814671627e-08, 9.680972945944067e-23, 1.0018464793534798e-23, 1.806815254324582e-08, 4.2787786114564796e-08, 8.14623209444143e-08, 4.820724636264704e-23, 5.976463758599877e-23, 5.7355097783781325e-09, 4.066349634616884e-08, 1.1003283307935152e-07, 1.2439232750920318e-22, 2.708351425084432e-23, 6.072022493857666e-09, 5.8838360052215766e-09, 1.8238442556564594e-08, 1.249533496998806e-22, 6.428085572129026e-23, 3.0992866877511266e-10, 5.362268486880373e-09, 4.681613097190507e-09, 7.290654163046912e-23, 1.1226885779845345e-23, 8.331130957632202e-10, 1.8189989809541673e-09, 3.5382163605240935e-09, 1.3846827617541568e-23, 2.584976703243382e-23, 2.159071981529953e-10, 1.4592088743922704e-09, 4.344325364724622e-09, 5.154555216552528e-23, 1.0385995237408363e-23, 2.5674046791540964e-10, 2.7051879399747625e-10, 7.403249645265841e-10, 5.6096611306873e-23, 4.863408519771308e-23, 2.268823746497811e-12, 1.465383734494674e-10, 2.1064444502907897e-10, 1.861123132414146e-23, 2.2838465170970708e-23, 3.894089163538478e-11], [0.21028235014030036, 0.18247292830183573, 1.0416397920435062e-16, 3.8221644350873744e-17, 0.013287044949352074, 0.21072869671285907, 0.19299445909901725, 1.7138665691590463e-17, 8.163924102252259e-17, 0.012890403388519326, 0.001065678756613452, 0.010253039547238035, 2.5976515412065356e-17, 2.409088807175244e-17, 0.002205782165625908, 0.01643374354178724, 0.016789343583925576, 6.305991163797435e-17, 3.8192571192777494e-17, 0.00027316858087371784, 0.000986159481539954, 0.0019379748780314638, 2.6288809127747354e-17, 2.0112691742690315e-17, 0.0001805966876960867, 0.0005358173117469018, 0.001895963015466971, 2.3399307806896977e-18, 1.0144644407220249e-17, 1.4052874763235447e-05, 0.00014432054141117617, 0.00028808155149400924, 7.315733700589174e-18, 3.1223310797407647e-17, 2.754841038638304e-05, 0.000361718292929282, 0.0003167116484627565, 2.5799067703996378e-18, 8.110557538011818e-18, 7.511972998750448e-06, 3.3234042642016695e-05, 6.761933875877417e-05, 9.392960207254623e-18, 1.1698637006555741e-17, 3.2097222489523795e-06, 2.616806882970585e-06, 3.67881896050342e-05, 6.837458896966322e-19, 2.4463303435291785e-17, 8.800637787021327e-08, 7.166890767896367e-06, 1.1404329652688408e-05, 1.464667029863613e-17, 3.35156702823989e-18, 7.526376765302004e-07, 1.2131109304019255e-05, 9.655872972811133e-06, 8.197364396105674e-18, 9.310250715369865e-19, 3.3230621432475335e-07, 1.393642824466107e-06, 2.416640903531511e-06, 4.381396965296606e-22, 1.795157120311706e-22, 7.634118652359058e-08, 4.936964100796248e-07, 7.625701100803101e-07, 8.70538485712002e-23, 3.681028518074856e-22, 2.424636059126812e-08, 3.2575608611973284e-07, 4.3678522516563123e-07, 1.2132993397491467e-22, 1.8467724757289956e-23, 2.5207175028611577e-08, 4.512298321830699e-07, 3.557755092510606e-07, 8.982059232512319e-23, 9.358771499796881e-24, 1.5718556735833285e-08, 6.142796772808101e-08, 8.721462641490818e-08, 4.695171598659668e-23, 5.455800974730189e-23, 1.8605077675964282e-09, 2.9631555598097492e-08, 1.0867596687141878e-08, 1.1605621395602087e-22, 2.4490700147206018e-23, 1.8010621678950234e-09, 1.4536131017622855e-08, 1.6274866912469044e-08, 1.147982465933717e-22, 6.069240596553759e-23, 9.285437680252653e-10, 1.7525059478259997e-08, 1.4403620577502219e-08, 6.562371883635877e-23, 1.0769431814866269e-23, 7.548579559818122e-10, 2.7484366943789085e-09, 3.1165698285984256e-09, 1.7155292686706872e-23, 2.3694301700935035e-23, 3.8001744275244914e-11, 1.5076544405273617e-09, 2.4667719169396696e-10, 4.841812641713572e-23, 7.10243208352318e-24, 1.074297241335058e-10, 7.403249866443085e-10, 6.857641342804255e-10, 5.073208956217229e-23, 4.5167740061338855e-23, 4.1391908130183896e-11, 7.759906077084433e-10, 6.808218212285555e-10, 1.6215033499784635e-23, 1.8797359982284795e-23, 4.459556115772416e-11], [1.9792177140643637e-17, 1.791027810753001e-17, 1.289621185844794e-31, 2.2243445964507396e-32, 9.635050475733795e-19, 1.396834731278653e-17, 1.7138665691590463e-17, 2.3569555650465383e-31, 1.9962196232003057e-32, 1.6774411360889247e-18, 8.875633013115678e-17, 7.820781821397967e-17, 5.821905604053072e-32, 4.3099732544467425e-32, 5.910261570406193e-18, 9.818187029601582e-17, 8.365480565698163e-17, 7.445648570807319e-32, 9.711211219031103e-32, 4.715797633260474e-18, 1.168641247759756e-16, 1.0116643813621058e-16, 9.692383563487698e-33, 2.0859515672294644e-32, 6.004876212175617e-18, 1.0777987143906766e-16, 9.600558584589173e-17, 3.681295826579104e-32, 1.671643389093721e-32, 7.145185942280955e-18, 3.018020720310061e-17, 3.193549087118865e-17, 1.7796329974263597e-32, 6.908255879318464e-34, 2.751831499797365e-18, 3.5232824684410683e-17, 3.4256771074582926e-17, 8.957727017996813e-33, 5.593276898458274e-33, 2.11322017631514e-18, 3.666277292650742e-17, 3.181916890542314e-17, 3.160598469745143e-32, 8.738630785720853e-33, 2.864605634524806e-18, 4.538304205787581e-17, 3.889859328015923e-17, 1.1356140795166088e-32, 8.066541961320326e-34, 1.7858565989046096e-18, 8.329637127500418e-17, 7.413535352360749e-17, 1.3208773407753942e-32, 9.536701943266527e-34, 4.28598834973685e-18, 7.334397457977054e-17, 6.816577243467382e-17, 8.909389393401727e-33, 3.105851078254634e-33, 5.531992468392236e-18, 9.275111621907876e-17, 8.650057318956756e-17, 9.233264015342001e-35, 4.4099304347679935e-35, 6.1785147821590696e-18, 9.45522295425766e-17, 8.725280148597574e-17, 1.0633408633833658e-34, 4.812922905537194e-35, 5.950263028529248e-18, 4.7722973805811647e-17, 4.514730212974786e-17, 1.734816435037112e-34, 1.1009400141025995e-34, 3.9749864301905705e-18, 5.722748522822275e-17, 5.1512454956517943e-17, 1.1923099841762637e-35, 5.725054118100363e-35, 2.7901824601236984e-18, 3.6442367647264214e-17, 3.1968086503028785e-17, 1.388774169211552e-35, 4.608248863125725e-35, 1.4457740732196709e-18, 2.841677234196202e-17, 2.5623809143231996e-17, 3.001923485343427e-35, 6.335947559262704e-35, 2.434860285270592e-18, 5.038566005467739e-17, 4.7797879670279463e-17, 9.017870110340368e-35, 1.0294483776805999e-34, 3.0289332554656895e-18, 4.5798417556210334e-17, 4.4246998050264855e-17, 5.952326263754526e-35, 4.7529383905025695e-35, 3.595768730394146e-18, 8.955049100684172e-17, 8.218010338462242e-17, 2.879185502937915e-35, 2.2859253699723155e-35, 5.775529894620223e-18, 9.040302456442993e-17, 8.267608091543287e-17, 7.67839610454936e-35, 6.336785257672399e-35, 5.677236287458684e-18, 3.1335455923798453e-17, 3.2061489947718983e-17, 6.809630668427152e-36, 1.7728331995237298e-35, 2.817012659413882e-18, 3.758289452769103e-17, 3.4110989243630933e-17, 6.764886479883379e-35, 4.566349918160678e-35, 2.0993647891839623e-18], [9.038707003522987e-17, 7.921821255580847e-17, 2.1228053368293076e-32, 6.789459304957861e-32, 5.614064752230776e-18, 8.809895257564755e-17, 8.163924102252259e-17, 1.9962196232003057e-32, 1.495467371315234e-31, 5.749783525812169e-18, 3.53566869305922e-17, 3.573641513710762e-17, 3.847145257706538e-32, 1.010074284733443e-31, 2.8590411842775508e-18, 3.802285483897267e-17, 3.7622352200360975e-17, 1.9567997834716445e-32, 3.986145210515669e-32, 2.5266123356201488e-18, 5.4127575660962736e-17, 4.9044135254973045e-17, 1.664826913865611e-32, 3.6315791936788346e-33, 3.881258471246971e-18, 6.062656987409679e-17, 5.2258608108947816e-17, 3.444087144950486e-33, 8.272039398237533e-33, 3.056044047250899e-18, 5.4475675496022926e-17, 4.50944348055786e-17, 8.817854404336535e-33, 1.2959555842169196e-32, 3.0254349979193366e-18, 5.787447450548042e-17, 4.648592448211731e-17, 1.2093062718617459e-32, 1.0221350484693525e-33, 2.587374625554818e-18, 1.110404063473556e-16, 9.633900778800479e-17, 4.963967600800229e-33, 1.769291511142059e-33, 6.162802192026797e-18, 1.0714838404394807e-16, 9.564939087301842e-17, 7.604058045979775e-33, 1.7670202820273723e-32, 6.6688598968656706e-18, 8.093004672128062e-19, 4.704436329802806e-18, 7.129817484181663e-33, 6.32785106973002e-34, 1.2228178577702891e-18, 1.1154096052085788e-17, 9.732335389230295e-18, 7.23952022410717e-33, 1.0729796252359248e-33, 8.38959415728077e-20, 3.899742318430939e-17, 3.591296587821436e-17, 3.0976095127210674e-35, 1.2005012666561298e-35, 2.06066068857901e-18, 3.45932585928161e-17, 3.199600096125845e-17, 3.036346088593597e-35, 1.3433398904246054e-35, 2.6035052711307693e-18, 4.842433811867764e-17, 4.478731869849571e-17, 4.755095058667063e-35, 2.97737467926525e-35, 3.2243164736611168e-18, 4.974439042927836e-17, 4.540358142200249e-17, 3.886432496918111e-36, 1.5336741395667355e-35, 3.0514739186620226e-18, 1.3876797364843878e-17, 1.449384258935091e-17, 3.778376342064204e-36, 1.2566003888495568e-35, 1.33148282120168e-18, 1.682517403181142e-17, 1.573925777339359e-17, 8.056363905057283e-36, 1.717839242293522e-35, 9.564241233680601e-19, 7.311667525334928e-18, 7.54894394882012e-18, 2.429558963462247e-35, 2.775373709267457e-35, 4.717571340935924e-19, 5.053225361672733e-18, 6.856160653489149e-18, 1.5827235697155848e-35, 1.2809099347152898e-35, 7.625480576162414e-19, 4.9935689752700935e-17, 4.4987711684629964e-17, 8.528552590590073e-36, 6.426451753192582e-36, 3.0462537317414958e-18, 4.959111743320317e-17, 4.4767977183378466e-17, 2.078155394606075e-35, 1.7165523332906e-35, 3.0974764064511244e-18, 9.658857905059369e-18, 1.0812091973726296e-17, 2.0772065612815788e-36, 4.6389408402913134e-36, 1.0780233414845447e-18, 1.3065707916504702e-17, 1.2076296216280497e-17, 1.793199613295385e-35, 1.2084827942505415e-35, 6.723921390086182e-19], [0.014088060145370656, 0.012249601846060686, 6.767762768361829e-18, 3.860087000508096e-18, 0.0008851495731875536, 0.014004737446547483, 0.012890403388519326, 1.6774411360889247e-18, 5.749783525812169e-18, 0.0008727669429366903, 0.0017065980721696645, 0.002142487816934685, 2.396708148816725e-18, 1.702330757625976e-18, 0.0002453196872705079, 0.002713016028192848, 0.0025784397616801067, 4.303823097943238e-18, 2.595298881828217e-18, 0.00011860606663051908, 0.0001753206460240504, 0.00015043097659923606, 1.8895706873737232e-18, 1.5449432191141562e-18, 4.28818390064888e-05, 0.0003910458842954236, 0.0004638620366699709, 2.5228628557951546e-19, 5.645757417692599e-19, 1.734154588849832e-05, 1.5836339051337762e-05, 2.7211450602792025e-05, 4.571446606246621e-19, 1.9790660215121265e-18, 6.332431523195398e-06, 5.805965159785169e-05, 6.456600754445405e-05, 1.9809684572048997e-19, 4.745858536572888e-19, 1.6933942132044168e-06, 4.742658197801454e-06, 2.20170727067493e-06, 7.007268534273452e-19, 6.471226552532753e-19, 1.158317298568887e-06, 1.0913414848937736e-05, 1.4012014219098867e-05, 5.030204527978896e-20, 1.6465265855730961e-18, 5.001574087983222e-07, 3.600216412807033e-07, 7.747358824716473e-07, 8.334590340021678e-19, 1.7472025823351242e-19, 1.8424891185421911e-07, 1.7147527554939963e-06, 1.9027616004463604e-06, 5.924787100842288e-19, 7.842727357412105e-20, 4.0716143206266176e-08, 1.607430103976997e-07, 3.8464531621558613e-08, 2.8097621365097514e-23, 1.318199971713063e-23, 3.705569776875074e-08, 3.518411981571351e-07, 4.7107238612112065e-07, 7.355559091158402e-24, 2.459197189052582e-23, 1.7201733454394062e-08, 8.627745401793008e-09, 2.711138417325204e-08, 8.520942722510728e-24, 1.081383537106217e-24, 5.886282003235899e-09, 5.52224965156764e-08, 5.951587668225414e-08, 6.526708940997944e-24, 5.8412014864209945e-25, 1.0090412799068508e-09, 5.881714106644592e-09, 3.790884427114921e-10, 3.5281618580437754e-24, 3.536544200710549e-24, 1.2646463421557477e-09, 1.2032138683288306e-08, 1.6701000341685056e-08, 7.973543067402727e-24, 1.5748425660954847e-24, 6.347452924192589e-10, 1.873821363915576e-10, 1.0456469669078636e-09, 7.71429232442827e-24, 4.286628145973639e-24, 1.9601375674628075e-10, 1.8545191554295015e-09, 1.9035307322360848e-09, 4.291283517834127e-24, 8.81178566961418e-25, 2.2518489988811695e-11, 2.2621445656349076e-10, 1.6272530686204517e-11, 2.101126737779129e-24, 1.6135071814478073e-24, 4.480321344637163e-11, 4.2627259111849974e-10, 6.108199048556612e-10, 3.465887788170847e-24, 1.076913616540414e-25, 2.4568803737886995e-11, 2.2688372448148586e-12, 4.139191674959117e-11, 3.132278686637262e-24, 2.919168391487279e-24, 6.418815030548048e-12, 6.19026740674225e-11, 6.213317935242074e-11, 8.735543513051223e-25, 8.676147633537619e-25, 3.94858076086229e-13], [0.006949525739255889, 0.009371367772396751, 1.7942307902481883e-17, 1.7085937602862837e-16, 0.00027057473205982225, 0.008890864613126074, 0.001065678756613452, 8.875633013115678e-17, 3.53566869305922e-17, 0.0017065980721696645, 0.22976882946997415, 0.20452303577246658, 1.0239612225766201e-16, 2.4028511145133678e-17, 0.013861684865270561, 0.22889193483055234, 0.2053939795467309, 1.8400139743655705e-17, 8.938326520549554e-18, 0.013949562145178642, 0.007322505770507973, 0.015667969044093094, 1.83253353004965e-17, 2.5340057578774317e-17, 0.00273841423532698, 0.023454664225600587, 0.023761372383650316, 1.5650296444431994e-17, 1.3603948269471466e-17, 0.0007004409820300765, 0.0012111252109422294, 0.000357895789298332, 5.072380681297492e-18, 1.4681256291542325e-17, 0.0003897996037550977, 0.003295674931407651, 0.004443712457352502, 3.949460040897397e-18, 9.036956217439933e-18, 0.00015470486158437836, 0.00015887339295670572, 0.00034471535088155883, 1.0243090600219678e-17, 1.7758831988486493e-17, 5.876986618242957e-05, 0.0005814698165733448, 0.0005963477350503128, 9.76221024855833e-19, 2.5998632333170846e-18, 1.3870707630700158e-05, 3.476970559383383e-05, 8.389860220371637e-06, 2.0365409672413577e-17, 6.602858848239691e-18, 1.0835799020853009e-05, 9.207680092345946e-05, 0.00013487982112768415, 7.766727452473166e-18, 2.361326146960643e-18, 4.715363125367637e-06, 4.5760586921406166e-06, 1.1683666904790252e-05, 6.76724669939071e-23, 1.701889408805011e-22, 1.7421992532869364e-06, 1.8048942168374243e-05, 1.773972287755568e-05, 2.143850555375203e-22, 1.407699797585646e-23, 3.478959241763613e-07, 1.1445656598711718e-06, 6.952929139172892e-07, 3.2683678502297916e-23, 3.0727186868391034e-23, 3.4814433822220534e-07, 2.9059724617266913e-06, 4.5240843696697786e-06, 5.560260157361427e-23, 7.350614760013677e-25, 1.6266531078514522e-07, 1.438435489747869e-07, 4.3982121488914117e-07, 6.01081019050552e-23, 1.2178523579460786e-23, 5.6324050395689315e-08, 6.05443663665578e-07, 5.622515729906963e-07, 3.973631222762829e-23, 6.706941045664341e-24, 9.115620455951018e-09, 4.0050862015750255e-08, 3.666540198017654e-08, 8.49494544613784e-24, 3.810700248116969e-23, 1.1863217817603341e-08, 9.667680515856869e-08, 1.5913262093984748e-07, 1.8966027444510198e-23, 1.8211610837541394e-23, 5.932080490451269e-09, 4.812750038774016e-09, 1.7420557000408232e-08, 1.2531314646133354e-22, 2.836631260332042e-24, 1.895280072532028e-09, 2.1165098510605995e-08, 1.8376176557852175e-08, 3.1698334027341543e-23, 7.329725589696433e-23, 2.371602730822861e-10, 1.459208991486105e-09, 1.507654496038513e-09, 2.747546118597233e-23, 1.9417951289702217e-24, 4.262726404496986e-10, 3.345669393438333e-09, 5.438772813191883e-09, 2.6004344242741274e-23, 5.343621534359805e-23, 2.333959652064607e-10], [0.01634870271112511, 0.017172651941808132, 1.220434901982471e-17, 1.5524865494260517e-16, 0.00040173804221599156, 0.002267486731341994, 0.010253039547238035, 7.820781821397967e-17, 3.573641513710762e-17, 0.002142487816934685, 0.20452303577246658, 0.1825414001055211, 9.114163148960116e-17, 2.132885934748959e-17, 0.012433153163518836, 0.20428142228314225, 0.1835138632141088, 1.8765753995752437e-17, 9.720597219152767e-18, 0.012443572565446415, 0.009329565093342906, 0.016411149931470102, 1.760991402822935e-17, 2.3873258293173974e-17, 0.002612981360571488, 0.023656393324512155, 0.02375211985522367, 1.3762753742953786e-17, 1.1720604135926347e-17, 0.0008042563787439643, 0.002354019304514895, 0.0015765313379533085, 4.076100230490245e-18, 1.167544782761303e-17, 0.0004527758311683391, 0.0044162311937701385, 0.00531121311031771, 3.613924767264271e-18, 7.68930017522079e-18, 0.00021770734775376733, 0.00011111983270349277, 0.0003163471745422884, 9.786780002413486e-18, 1.528279364655532e-17, 6.625301561016968e-05, 0.0005944526083604094, 0.0006352908099666009, 8.848784856381782e-19, 3.2997238238282162e-18, 1.3106214566072734e-05, 7.252397697637969e-05, 2.5403585855048733e-05, 1.7504955109813382e-17, 5.694871495091624e-18, 1.357379636386419e-05, 0.00013399143179267797, 0.00017389465948744118, 7.087382998151551e-18, 2.1271808558998332e-18, 7.062036269272478e-06, 1.124926552770189e-06, 9.9573738930811e-06, 4.413988658760825e-23, 1.5846744691594942e-22, 1.978895019794742e-06, 1.7701592682828338e-05, 1.82952930341089e-05, 1.9594860489237953e-22, 2.8999178049228556e-23, 2.0581352221343656e-07, 2.6210798932981005e-06, 3.3221520511980684e-07, 3.8918350856416e-23, 2.438997595388436e-23, 4.527837281370368e-07, 4.493528828818788e-06, 6.15330835425712e-06, 5.63275297973905e-23, 1.3697106803794727e-24, 2.6034009767980995e-07, 3.531554588348529e-08, 3.7800464426640534e-07, 5.629293485505644e-23, 7.062010591148372e-24, 6.289324150604396e-08, 5.620064030993632e-07, 5.350439886749742e-07, 4.097273515717584e-23, 6.142564155112159e-24, 3.356784275456576e-10, 1.0107363862185692e-07, 5.545611412791085e-09, 1.2704655254074689e-23, 3.6398694937704864e-23, 1.5928498774304967e-08, 1.5820649891529204e-07, 2.278066870541745e-07, 1.299633636536595e-23, 1.7456180960257587e-23, 1.0188248387088192e-08, 3.79373200215527e-09, 1.5805344401320642e-08, 1.1314002756884202e-22, 3.906198359636537e-24, 2.0460582143486117e-09, 1.8376176493667407e-08, 1.5228945224668444e-08, 3.081596352139428e-23, 6.548656637089753e-23, 2.8718797977743404e-10, 4.344325521717096e-09, 2.466771925613287e-10, 2.2990692103575497e-23, 4.451908506580638e-25, 6.108199507174131e-10, 6.062132970087453e-09, 8.464232279480066e-09, 2.2544625581407775e-23, 4.699436423178356e-23, 4.5059837865081206e-10], [3.013138440292815e-17, 2.7262560861448912e-17, 1.0657672231811342e-31, 9.565502585548527e-32, 1.5805767292752655e-18, 2.3327263304202427e-17, 2.5976515412065356e-17, 5.821905604053072e-32, 3.847145257706538e-32, 2.396708148816725e-18, 1.0239612225766201e-16, 9.114163148960116e-17, 2.032413493835251e-31, 1.7303670103258212e-31, 6.710694123478592e-18, 1.0986505663697986e-16, 9.587129927504975e-17, 3.024153039139562e-32, 2.538448559770704e-32, 5.7631171777424814e-18, 7.919522462974667e-17, 6.705018571518501e-17, 2.3149681366712694e-32, 4.291981602998209e-33, 3.5534717302709246e-18, 6.844581945620212e-17, 6.144906726591662e-17, 2.1938733366433292e-32, 8.746949972388768e-33, 4.906185430193094e-18, 4.177310698911732e-17, 4.083157437213604e-17, 4.052715585664512e-33, 1.266578018161539e-32, 3.1896288133837733e-18, 4.661399449485716e-17, 4.164799717517205e-17, 2.301084631418815e-33, 1.0337376802192016e-32, 2.5586798597657013e-18, 4.484688763512661e-18, 2.1183419612452205e-18, 8.337342084317918e-33, 1.3020931953931388e-32, 1.4474174517190637e-19, 3.0172641653138785e-18, 1.2198068897144582e-18, 1.373425039821693e-34, 1.219974080288806e-33, 4.276507198160338e-20, 2.5021563934411003e-17, 2.2743013059722217e-17, 1.6826197217858505e-32, 7.523033200339943e-33, 1.2987403804171502e-18, 2.0460198689370325e-17, 2.0998721637827925e-17, 1.513751536846391e-32, 7.841466694913963e-34, 1.8792892676277424e-18, 6.240067673185053e-17, 5.727510501099726e-17, 3.046153967471011e-34, 1.3744738253972463e-34, 3.981082912958766e-18, 6.327413914207628e-17, 5.618330850990177e-17, 3.2729662668812766e-34, 1.4533180639631395e-34, 3.8599092177670505e-18, 6.051755600384824e-18, 8.690164095812034e-18, 5.2443411895128045e-34, 3.3246673566450924e-34, 6.619303457526687e-19, 3.1910162242205506e-18, 8.381376522469523e-18, 3.544976238372438e-35, 1.7347220216339341e-34, 1.0328455835333506e-18, 1.0567126173248476e-16, 9.36033167971425e-17, 4.245422047244123e-35, 1.3879980730314326e-34, 6.652510823989495e-18, 1.1029355855728595e-16, 9.62322679239425e-17, 9.152689567346894e-35, 1.9101577063796626e-34, 6.0765513066808794e-18, 6.044790743451972e-17, 4.9822632268122745e-17, 2.730159495749644e-34, 3.1109956425812063e-34, 2.645590876354232e-18, 5.4262255103841995e-17, 4.5472580249513247e-17, 1.8171470563579228e-34, 1.4392116953524233e-34, 3.417024913626623e-18, 2.537727649840577e-17, 1.8977952529239272e-17, 7.950515658695748e-35, 6.586868566962459e-35, 1.3093517419133612e-18, 2.7663587025095228e-17, 2.0982724749816397e-17, 2.3223729813018142e-34, 1.9101599710059365e-34, 1.0403986091367654e-18, 8.163748986817121e-17, 7.315531486228576e-17, 1.7699989282936805e-35, 5.452413165711925e-35, 4.7363357893770065e-18, 7.95747604249723e-17, 6.892993670059146e-17, 2.0811383942796104e-34, 1.4068526728065965e-34, 5.128075981091784e-18], [2.5980525714024263e-17, 2.2459933625425858e-17, 4.962854436099389e-33, 2.2282119819600605e-32, 1.55692151665025e-18, 2.457721549179946e-17, 2.409088807175244e-17, 4.3099732544467425e-32, 1.010074284733443e-31, 1.702330757625976e-18, 2.4028511145133678e-17, 2.132885934748959e-17, 1.7303670103258212e-31, 3.362666998924247e-31, 2.0082058285714025e-18, 3.2504868919850267e-17, 2.566397737891792e-17, 1.2225442463106886e-32, 7.596649618522175e-32, 9.32238765666687e-19, 9.602944549775265e-17, 8.391959998647191e-17, 2.8335173920448786e-32, 3.0966885199382645e-32, 5.483177700114369e-18, 9.428930366179676e-17, 8.457806367009598e-17, 7.165197649897116e-33, 4.068404231884107e-32, 5.713180937491062e-18, 4.682177771213543e-18, 1.7529646333997158e-18, 2.1985762330013869e-32, 3.1306270430203455e-33, 1.0736605488915616e-18, 1.1256964661936905e-17, 5.607732350127791e-18, 6.086179983929961e-33, 1.449858394083129e-32, 9.528591904286222e-19, 1.3480273117280428e-16, 1.1960203283883254e-16, 1.2432095865942154e-32, 5.054981344613929e-33, 8.109342534842665e-18, 1.3648921154099577e-16, 1.2098996181950647e-16, 4.036964349546959e-33, 9.578951974002557e-33, 7.904381314552434e-18, 3.2775069860565864e-17, 2.6033226784891922e-17, 7.040686546317752e-33, 4.532861654393775e-34, 1.8626637563329928e-19, 1.3161666221204373e-17, 1.5098924176039084e-17, 1.7246272129039085e-32, 1.3304080404681138e-33, 2.6542604731384074e-18, 1.3891130872067793e-16, 1.2743365651120142e-16, 3.991899405444312e-35, 2.452818950245514e-35, 8.215761693553319e-18, 1.3277483062068627e-16, 1.208418475278287e-16, 5.419377941883516e-35, 2.520510319095068e-35, 8.960893105231453e-18, 9.357508094893272e-17, 8.983715068793428e-17, 9.138150695452297e-35, 5.829612519271627e-35, 6.5867319260635806e-18, 9.411101614339094e-17, 9.124273919721308e-17, 5.7082395842656495e-36, 3.052223895328216e-35, 6.5256144928439955e-18, 1.259652741521121e-16, 1.1462891785543792e-16, 7.878222028528157e-36, 2.4417529492471497e-35, 8.81835741986978e-18, 1.3740768226784028e-16, 1.2205829132789781e-16, 1.647939442356244e-35, 3.364461535614833e-35, 7.391149137316163e-18, 6.419761482934094e-17, 5.268441357055683e-17, 4.784045196034156e-35, 5.459588889840262e-35, 2.454954419805855e-18, 5.3743684084126457e-17, 4.603516456371229e-17, 3.216858971205144e-35, 2.522314719274257e-35, 3.7608790612201214e-18, 6.466137988148677e-18, 8.998539706894573e-18, 1.4200582339546459e-35, 1.1733593158012081e-35, 8.248295749147628e-19, 8.852107521452762e-18, 8.484632572877894e-18, 4.066679266337715e-35, 3.3607721635626914e-35, 5.043810783692909e-19, 1.466061424967119e-17, 1.3298915086327899e-17, 3.099713369984703e-36, 9.517190575450337e-36, 9.982218675831241e-19, 1.5257132986954838e-17, 1.364054859942417e-17, 3.644253503754703e-35, 2.46308967855607e-35, 9.509856677125664e-19], [0.002745617679449438, 0.0025805871862275586, 2.911779300521311e-19, 1.0374476878609036e-17, 0.0001306211275489968, 0.0017971421245609116, 0.002205782165625908, 5.910261570406193e-18, 2.8590411842775508e-18, 0.0002453196872705079, 0.013861684865270561, 0.012433153163518836, 6.710694123478592e-18, 2.0082058285714025e-18, 0.0008622301880882518, 0.014029042332891751, 0.012582981084331923, 1.9459532272593233e-18, 1.0255043820831245e-18, 0.0008398044560362286, 0.0002812556134668486, 0.0002893199009735858, 1.378677880734275e-18, 1.666678343970797e-18, 0.00012441448327919478, 0.000711126936799919, 0.0008202493627557627, 1.0277853607099931e-18, 6.484779524899677e-19, 6.490728595575528e-07, 7.693196094325674e-05, 1.6568426285874013e-06, 2.4362810