#/usr/bin/env python
"""
This file was generated automatically.
"""
from matplotlib import pyplot
pyplot.figure(figsize=[12, 4.8])
pyplot.subplot(121)
pyplot.imshow([[0.6291354664048149, 0.09182869120135095, 0.21748268365474144, 0.501406923896774, 0.3407526106198049, 9.51832587518404e-16, 0.12103068993785028, 0.12103068993784132, 0.01999986566040222, 0.07537622818152068, 0.12460350573962647, 0.0115164309559144, 6.086719169358691e-16, 0.05595381700343654, 0.05595381700343796, 0.02287598915730467, 0.09267825955716395, 0.10666830682765167, 0.037268354707444634, 1.2478354242352426e-15, 0.01066930040829056, 0.010669300408291239, 0.006903468977686627, 0.030514080244899818, 0.043012883649532485, 0.025396253395522365, 4.239002137359217e-16, 0.002683223126560853, 0.0026832231265614417, 0.0031554924628874985, 0.014687299414147861, 0.017308899132066707, 0.008712352566371654, 1.8146112863277368e-17, 0.003989009314864452, 0.0039890093148646924, 0.0020220598899119745, 0.00939671016338637, 0.00982069403392774, 0.005777023788083021, 6.47215009454689e-17, 0.0015396933537977567, 0.001539693353797885, 0.007107639493618992], [0.09182869120135095, 2.0673117661719065, 0.20367705112134946, 0.004392087036733399, 0.0013198212014247563, 8.213628642962172e-16, 0.09419245768457196, 0.09419245768457235, 0.01774400425502974, 0.04045455992307917, 0.08496126107430868, 0.06009522809961157, 2.6596801867816595e-16, 0.021882442485964698, 0.021882442485964347, 0.004465304980823871, 0.01729380739399275, 0.021938811170290742, 0.006764418530174401, 1.2501070263977686e-16, 0.012534511898565718, 0.012534511898565928, 0.00392398198056549, 0.01575837486176572, 0.01748702092531604, 0.006908306821253326, 1.7751194257248776e-16, 0.0010512586419333101, 0.0010512586419334055, 0.000850343884562122, 0.003846231510827608, 0.005220098758655792, 0.0034570371533269154, 9.570071993384442e-18, 0.00042988861146022687, 0.00042988861146015103, 0.000455854203339382, 0.0021787478673160896, 0.0021914950017658513, 0.0011250031390103706, 8.159675166295413e-18, 0.0006036049807505258, 0.0006036049807505204, 0.0020220599409696473], [0.21748268365474144, 0.20367705112134946, 0.8024397091533062, 0.017171782403291314, 0.004663845521931706, 4.408272877452308e-15, 0.2268024043958174, 0.2268024043958136, 0.04097996752621582, 0.02231964708047076, 0.22862478265412217, 0.16554599271044448, 1.8398895317218515e-15, 0.08382868727362884, 0.08382868727362684, 0.017284842333901554, 0.05578340278781143, 0.09391658589405902, 0.0345570263728082, 3.0257444698846536e-16, 0.04496310980743212, 0.04496310980743252, 0.015717486066931394, 0.05787405051529164, 0.07478245658318289, 0.027065465614465312, 9.384044403215076e-16, 0.0029746705014344023, 0.00297467050143435, 0.003846580016928845, 0.01623930374147977, 0.02467593029223441, 0.014297824417085915, 9.104689039607043e-18, 0.001583569410489904, 0.0015835694104894896, 0.0021787478736534274, 0.009879536135256595, 0.010885689811464205, 0.004749814341353239, 6.239140176471104e-18, 0.0026390615374457345, 0.0026390615374457128, 0.009396710418844993], [0.501406923896774, 0.004392087036733399, 0.017171782403291314, 0.6623458789969062, 0.003268699844875659, 2.3440840648571417e-15, 0.004138252698135983, 0.004138252698134382, 0.08082820782492493, 0.21514491632381944, 0.38170316624946793, 0.2475900241394506, 1.8023673210760866e-15, 0.05278911313791956, 0.0527891131379152, 0.02145604631712788, 0.09193581874330609, 0.10676221575569089, 0.016677732092170456, 1.8223511076626314e-16, 0.041179289360545615, 0.041179289360542944, 0.016299303743807014, 0.06975491213228409, 0.07090588341311888, 0.03051440491460521, 3.4573230316442044e-16, 0.01056553930265303, 0.010565539302653509, 0.0049752302184036725, 0.023600207946938484, 0.02737355582175624, 0.019391620050412655, 6.31204726447789e-17, 0.0027628236735162846, 0.0027628236735171693, 0.00219149500055533, 0.010885689774874072, 0.010668127718747422, 0.007090592431315162, 3.697218535225215e-16, 0.002910520426179437, 0.002910520426180733, 0.00982069434157562], [0.3407526106198049, 0.0013198212014247563, 0.004663845521931706, 0.003268699844875659, 0.6494504518846254, 4.118708430724509e-15, 0.3446881662053064, 0.3446881662053077, 0.057205669853402724, 0.15023774787658653, 0.2657352081448054, 0.1860738309916727, 2.3953082060159233e-15, 0.08608273190592829, 0.08608273190592192, 0.007064531258114549, 0.036914392017334145, 0.015436866303705544, 0.004067271757830208, 3.2082375984745803e-16, 0.009168895278803125, 0.009168895278802536, 0.006937605925639442, 0.0272088872478425, 0.03310560436510926, 0.00323176412194823, 9.818648662689215e-16, 0.005798953589972226, 0.005798953589973357, 0.0034158004261331844, 0.014074865663519186, 0.020317108862259455, 0.010089467098822066, 3.2247126211508204e-17, 0.00021486520714190572, 0.00021486520714061088, 0.0011250031525090283, 0.004749814394343518, 0.007090592502391042, 0.003007644812995962, 5.311278140343713e-16, 0.0015443296795217827, 0.0015443296795235259, 0.005777024010381276], [9.51832587518404e-16, 8.213628642962172e-16, 4.408272877452308e-15, 2.3440840648571417e-15, 4.118708430724509e-15, 0.6568422855484746, 0.49193320298656495, 0.49193320298656673, 3.6123367879912383e-16, 3.4452771001337375e-15, 1.5342514214125065e-15, 2.598545438027419e-16, 0.006288779292735476, 0.06346177317359152, 0.06346177317359142, 2.55516514323841e-16, 1.71875431442133e-15, 2.2140159818777954e-15, 7.537875807437556e-16, 0.049378356296217216, 0.02077946853749657, 0.0207794685374951, 4.6002099619776316e-17, 3.2251533713349307e-16, 9.580496468076447e-16, 1.682569783325577e-16, 0.005312249529892413, 0.0075608646481826, 0.007560864648180348, 8.105937677221828e-17, 7.572335336882694e-16, 3.387656912682207e-16, 1.4992204829655812e-16, 0.0034093294777869793, 9.189509091991684e-07, 9.18950907447557e-07, 2.4962679331584593e-16, 7.082125117095314e-16, 6.297082933475439e-16, 1.4084485213141489e-15, 0.0009598882104453772, 0.000591407924251162, 0.0005914079242492263, 2.3808934600132364e-16], [0.12103068993785028, 0.09419245768457196, 0.2268024043958174, 0.004138252698135983, 0.3446881662053064, 0.49193320298656495, 0.6274218584394841, 0.12411600255529154, 0.019905017857101144, 0.07372012854768907, 0.05452077723212109, 0.08573957457074753, 0.07234394893571586, 0.05992410084636633, 0.13981027874706714, 0.01261764993949919, 0.04608038811328343, 0.04583079307420085, 0.010982284515722697, 0.020214949513826776, 0.0037513943262706467, 0.003192553512616729, 0.0009646251029875178, 0.002713495745365738, 0.010606890841443312, 0.006107477892423248, 0.008090884626474951, 0.00534877902772691, 0.006121406990315787, 0.00047055390268943586, 0.0018394117411006162, 0.0028746297834426997, 7.116701979649302e-05, 0.000176232169672335, 0.0035157233702827672, 0.0005024728715649423, 0.0006036049560709502, 0.0026390614157015147, 0.002910520277348687, 0.0015443295717119917, 0.0005914079302260918, 0.00013035337340733168, 0.00010488521664496963, 0.0015396932896763488], [0.12103068993784132, 0.09419245768457235, 0.2268024043958136, 0.004138252698134382, 0.3446881662053077, 0.49193320298656673, 0.12411600255529154, 0.6274218584394821, 0.019905017857099395, 0.07372012854768158, 0.05452077723212004, 0.08573957457074521, 0.07234394893571362, 0.13981027874706362, 0.05992410084636871, 0.012617649939499606, 0.046080388113285235, 0.04583079307420342, 0.010982284515721412, 0.020214949513826165, 0.0031925535126154886, 0.0037513943262698466, 0.0009646251029879891, 0.0027134957453674264, 0.010606890841443903, 0.006107477892420753, 0.008090884626476117, 0.006121406990316868, 0.005348779027728708, 0.0004705539026889649, 0.001839411741098953, 0.0028746297834444275, 7.116701979491746e-05, 0.00017623216967330364, 0.0005024728715643325, 0.0035157233702840305, 0.0006036049560701103, 0.0026390614156991564, 0.0029105202773487184, 0.0015443295717128365, 0.000591407930224862, 0.00010488521664499457, 0.00013035337340685832, 0.0015396932896737936], [0.01999986566040222, 0.01774400425502974, 0.04097996752621582, 0.08082820782492493, 0.057205669853402724, 3.6123367879912383e-16, 0.019905017857101144, 0.019905017857099395, 2.0677208158675193, 0.20245000233523303, 0.003484146765967207, 0.001228763203909897, 2.5630581246758667e-15, 0.09419739796628895, 0.0941973979662876, 0.017795683694731397, 0.04137847684310494, 0.08343509723241581, 0.05902255889791396, 4.0739770217871415e-16, 0.021337931063050816, 0.021337931063050413, 0.004474163051784637, 0.017499881661730318, 0.0215728683775379, 0.006417408655589768, 4.060486596019484e-16, 0.012287548134191242, 0.012287548134191613, 0.0038680431644601007, 0.015574622201407512, 0.01685257433222099, 0.006801266820068972, 9.88654383196858e-17, 0.0010551779968153848, 0.0010551779968155743, 0.0008503438734941194, 0.003846579962721746, 0.004975230156301353, 0.0034158003790242357, 1.7127016941834666e-16, 0.00047055395643155794, 0.0004705539564315404, 0.003155492538837952], [0.07537622818152068, 0.04045455992307917, 0.02231964708047076, 0.21514491632381944, 0.15023774787658653, 3.4452771001337375e-15, 0.07372012854768907, 0.07372012854768158, 0.20245000233523303, 0.8025111244998012, 0.014505996066010985, 0.003372626220660563, 1.460020032753058e-14, 0.2277619413213705, 0.22776194132135447, 0.04147166941550908, 0.02602138462240776, 0.22394437306471404, 0.16137407281750338, 1.4837228187577723e-15, 0.08129072748399153, 0.08129072748398823, 0.01748753935904244, 0.05702787801185876, 0.09244266520672867, 0.03313661014501379, 1.71376596522088e-15, 0.04424960152648348, 0.04424960152648617, 0.015574622138862718, 0.05754108829526767, 0.07213302127269419, 0.02686334589059587, 8.201947491423627e-16, 0.0029928055292063028, 0.0029928055292077664, 0.003846231454263758, 0.016239303433572813, 0.023600207637501824, 0.014074865363886243, 9.887649208007524e-16, 0.001839411971123171, 0.0018394119711237934, 0.01468729970600946], [0.12460350573962647, 0.08496126107430868, 0.22862478265412217, 0.38170316624946793, 0.2657352081448054, 1.5342514214125065e-15, 0.05452077723212109, 0.05452077723212004, 0.003484146765967207, 0.014505996066010985, 0.6641414129582766, 0.0020019273751681332, 1.4864240498740144e-15, 0.003072659224566709, 0.003072659224563631, 0.08113059746159361, 0.2136049235462111, 0.3870791026691825, 0.25556137401477325, 3.799610086902532e-15, 0.05732786702407394, 0.0573278670240726, 0.021188815845377046, 0.09054123426992362, 0.1052768799087068, 0.014867363997683555, 2.756189264457548e-15, 0.0430525031544372, 0.04305250315443874, 0.016852574136645773, 0.0721330207203211, 0.07182454908165045, 0.03143384023943458, 1.5025760343723878e-16, 0.010607862439751694, 0.0106078624397535, 0.005220098621428663, 0.02467592965495918, 0.02737355496541083, 0.020317108370289008, 7.702249483315004e-16, 0.002874630018747038, 0.0028746300187485023, 0.01730889922552581], [0.0115164309559144, 0.06009522809961157, 0.16554599271044448, 0.2475900241394506, 0.1860738309916727, 2.598545438027419e-16, 0.08573957457074753, 0.08573957457074521, 0.001228763203909897, 0.003372626220660563, 0.0020019273751681332, 0.647145791586841, 4.341950195301087e-15, 0.34607486220983147, 0.34607486220983186, 0.058969531775418055, 0.16073311725336636, 0.263056757109362, 0.1839933407480345, 9.325069762861461e-17, 0.08496397974451778, 0.08496397974451671, 0.006505857572783125, 0.03343543284750185, 0.016208035385396377, 0.0018682163893621612, 2.0992218738129614e-15, 0.008854383300770891, 0.0088543833007715, 0.006801266707992576, 0.026863345533382092, 0.03143384018967119, 0.003314539082509129, 6.684770609761547e-16, 0.006074764962581566, 0.0060747649625828865, 0.0034570371206280167, 0.014297824209080306, 0.019391619801465993, 0.010089466821158494, 5.963653395334038e-16, 7.116690058177116e-05, 7.11669005815656e-05, 0.008712352675775806], [6.086719169358691e-16, 2.6596801867816595e-16, 1.8398895317218515e-15, 1.8023673210760866e-15, 2.3953082060159233e-15, 0.006288779292735476, 0.07234394893571586, 0.07234394893571362, 2.5630581246758667e-15, 1.460020032753058e-14, 1.4864240498740144e-15, 4.341950195301087e-15, 0.660780687774832, 0.49526980759943406, 0.495269807599443, 5.988925361492308e-16, 2.966040939246406e-15, 4.808711974513464e-15, 2.575533291433713e-15, 0.0017466131201462898, 0.06380323660363997, 0.06380323660364132, 5.722422140010952e-17, 5.572419144902515e-16, 1.1977422733501613e-15, 3.5829372386516666e-16, 0.04881915559892938, 0.021298299962830204, 0.021298299962829857, 3.559299430234873e-16, 1.3600356151988572e-15, 4.5023753247305887e-17, 4.967449297056298e-16, 0.004934281654668998, 0.007604107343229698, 0.007604107343232562, 4.2382275074345225e-16, 2.2053921873165375e-15, 3.4374852413299097e-16, 2.056426312158754e-15, 0.003409329545428802, 0.00017623217256846222, 0.00017623217257059078, 1.2270599023336587e-15], [0.05595381700343654, 0.021882442485964698, 0.08382868727362884, 0.05278911313791956, 0.08608273190592829, 0.06346177317359152, 0.05992410084636633, 0.13981027874706362, 0.09419739796628895, 0.2277619413213705, 0.003072659224566709, 0.34607486220983147, 0.49526980759943406, 0.6392571689028438, 0.12805857412611044, 0.021350766002427135, 0.08136647004968718, 0.05673687248655146, 0.08471812069544814, 0.06380790139882099, 0.05896507390309547, 0.13659047881768221, 0.012225568803840197, 0.0439212294019863, 0.04358743261698934, 0.008734120981497022, 0.02112551070429634, 0.0014011987199277689, 0.0018622538868907608, 0.001055178070485959, 0.0029928058846203243, 0.010607862859419948, 0.006074765177903993, 0.007604107338834972, 0.005224301258719616, 0.006593829174377686, 0.00042988863229100657, 0.0015835695002479958, 0.0027628238016028303, 0.00021486516159693636, 9.189595297293492e-07, 0.003515723457690658, 0.0005024728384695395, 0.003989009473686004], [0.05595381700343796, 0.021882442485964347, 0.08382868727362684, 0.0527891131379152, 0.08608273190592192, 0.06346177317359142, 0.13981027874706714, 0.05992410084636871, 0.0941973979662876, 0.22776194132135447, 0.003072659224563631, 0.34607486220983186, 0.495269807599443, 0.12805857412611044, 0.639257168902868, 0.021350766002426778, 0.08136647004968395, 0.05673687248654752, 0.08471812069544724, 0.06380790139882021, 0.13659047881768369, 0.05896507390309706, 0.012225568803839727, 0.04392122940198473, 0.04358743261699022, 0.008734120981495192, 0.021125510704296375, 0.0018622538868903324, 0.0014011987199254003, 0.001055178070485861, 0.0029928058846164403, 0.01060786285942265, 0.006074765177905719, 0.007604107338835001, 0.006593829174376426, 0.005224301258720769, 0.00042988863229031826, 0.001583569500243698, 0.0027628238016025788, 0.00021486516159665902, 9.189595301797497e-07, 0.0005024728384697764, 0.0035157234576904586, 0.003989009473682249], [0.02287598915730467, 0.004465304980823871, 0.017284842333901554, 0.02145604631712788, 0.007064531258114549, 2.55516514323841e-16, 0.01261764993949919, 0.012617649939499606, 0.017795683694731397, 0.04147166941550908, 0.08113059746159361, 0.058969531775418055, 5.988925361492308e-16, 0.021350766002427135, 0.021350766002426778, 2.0683863418428645, 0.20503306419049375, 0.0002455476589342917, 0.0014249922863969777, 8.646130462537989e-16, 0.0946499753226067, 0.09464997532260676, 0.017677563790071595, 0.04104024733969391, 0.08232184729540327, 0.05854621299742254, 2.0700261772571505e-16, 0.021263473234594616, 0.02126347323459372, 0.004474162979231026, 0.017487539108121425, 0.021188815619495795, 0.0065058574730537605, 1.0807911913106949e-16, 0.01222556853313493, 0.0122255685331351, 0.0039239819269016206, 0.015717485793385357, 0.01629930340265265, 0.006937605723585702, 4.917182718931326e-17, 0.0009646251638780654, 0.0009646251638782388, 0.006903468945459868], [0.09267825955716395, 0.01729380739399275, 0.05578340278781143, 0.09193581874330609, 0.036914392017334145, 1.71875431442133e-15, 0.04608038811328343, 0.046080388113285235, 0.04137847684310494, 0.02602138462240776, 0.2136049235462111, 0.16073311725336636, 2.966040939246406e-15, 0.08136647004968718, 0.08136647004968395, 0.20503306419049375, 0.8128529785058276, 0.0010578388260177336, 0.004182052871631652, 4.688021952565473e-15, 0.22919796707406054, 0.229197967074054, 0.0410402474452642, 0.024779267224957494, 0.2188937417264108, 0.15878602055822394, 1.877969802804243e-15, 0.08069399353291416, 0.08069399353290951, 0.017499881343512994, 0.057027877254803294, 0.09054123305151836, 0.033435432190440935, 5.956185947297662e-16, 0.04392122842946819, 0.04392122842946969, 0.015758374652804243, 0.05787404948611502, 0.06975491076653312, 0.027208886440701845, 5.516578202726542e-17, 0.002713496018004266, 0.002713496018005431, 0.030514080134341377], [0.10666830682765167, 0.021938811170290742, 0.09391658589405902, 0.10676221575569089, 0.015436866303705544, 2.2140159818777954e-15, 0.04583079307420085, 0.04583079307420342, 0.08343509723241581, 0.22394437306471404, 0.3870791026691825, 0.263056757109362, 4.808711974513464e-15, 0.05673687248655146, 0.05673687248654752, 0.0002455476589342917, 0.0010578388260177336, 0.6725508873710703, 0.001703993510450859, 1.3125808989826293e-15, 0.00032000002025120867, 0.00032000002025201705, 0.08232184777093705, 0.21889374308881646, 0.3911709865277439, 0.25989843175714344, 1.4149110221259318e-16, 0.056759397626767405, 0.056759397626766336, 0.02157286819645204, 0.09244266456354472, 0.1052768803141762, 0.016208035342705644, 1.7945322637234306e-16, 0.04358743173915088, 0.043587431739150403, 0.01748702074098134, 0.07478245557715434, 0.07090588224164404, 0.03310560359162033, 1.1430803581820868e-15, 0.010606891164042766, 0.010606891164043121, 0.04301288388065708], [0.037268354707444634, 0.006764418530174401, 0.0345570263728082, 0.016677732092170456, 0.004067271757830208, 7.537875807437556e-16, 0.010982284515722697, 0.010982284515721412, 0.05902255889791396, 0.16137407281750338, 0.25556137401477325, 0.1839933407480345, 2.575533291433713e-15, 0.08471812069544814, 0.08471812069544724, 0.0014249922863969777, 0.004182052871631652, 0.001703993510450859, 0.6440638902685006, 3.326595813363259e-16, 0.34520557318640804, 0.3452055731864137, 0.058546212939222055, 0.1587860202284289, 0.25989843031825316, 0.18256871008650574, 1.1898224826537903e-16, 0.0842869316379891, 0.08428693163797886, 0.00641740865848961, 0.033136609856252115, 0.014867363274742399, 0.0018682166024127356, 6.329366783615677e-16, 0.008734120783705343, 0.008734120783704596, 0.0069083067280238325, 0.027065465140520238, 0.03051440429547293, 0.003231763689238139, 7.42565030564904e-17, 0.006107477969595444, 0.006107477969595437, 0.025396253220212495], [1.2478354242352426e-15, 1.2501070263977686e-16, 3.0257444698846536e-16, 1.8223511076626314e-16, 3.2082375984745803e-16, 0.049378356296217216, 0.020214949513826776, 0.020214949513826165, 4.0739770217871415e-16, 1.4837228187577723e-15, 3.799610086902532e-15, 9.325069762861461e-17, 0.0017466131201462898, 0.06380790139882099, 0.06380790139882021, 8.646130462537989e-16, 4.688021952565473e-15, 1.3125808989826293e-15, 3.326595813363259e-16, 0.6609169256720622, 0.4954883881128309, 0.4954883881128306, 6.009375412512379e-16, 1.4247017881332018e-15, 3.555645396773383e-15, 2.885043698905717e-15, 0.0029169597441324746, 0.06404941344276512, 0.06404941344276055, 6.729962867203574e-17, 1.104410569512591e-15, 3.0780343549279674e-16, 1.3514534441391722e-15, 0.04881915470470183, 0.021125510283651647, 0.021125510283652362, 3.893194979613553e-17, 1.1073950130343418e-15, 7.154465094240636e-16, 8.270714996105546e-16, 0.005312249548824942, 0.008090884605583028, 0.008090884605581536, 4.804566182402823e-16], [0.01066930040829056, 0.012534511898565718, 0.04496310980743212, 0.041179289360545615, 0.009168895278803125, 0.02077946853749657, 0.0037513943262706467, 0.0031925535126154886, 0.021337931063050816, 0.08129072748399153, 0.05732786702407394, 0.08496397974451778, 0.06380323660363997, 0.05896507390309547, 0.13659047881768369, 0.0946499753226067, 0.22919796707406054, 0.00032000002025120867, 0.34520557318640804, 0.4954883881128309, 0.6409372232690658, 0.12880217927827817, 0.02126347320471807, 0.08069399367196738, 0.0567593971479096, 0.08428693139022872, 0.06404941309827493, 0.05901652987557547, 0.13608836332488952, 0.012287547962731241, 0.04424960107048778, 0.04305250318789072, 0.008854383567808478, 0.021298299456223177, 0.0014011989429367799, 0.0018622537127192637, 0.0010512586329725108, 0.0029746704386910223, 0.010565539245945561, 0.005798953460062743, 0.007560864627640142, 0.005348779118175721, 0.00612140681244113, 0.002683223332113275], [0.010669300408291239, 0.012534511898565928, 0.04496310980743252, 0.041179289360542944, 0.009168895278802536, 0.0207794685374951, 0.003192553512616729, 0.0037513943262698466, 0.021337931063050413, 0.08129072748398823, 0.0573278670240726, 0.08496397974451671, 0.06380323660364132, 0.13659047881768221, 0.05896507390309706, 0.09464997532260676, 0.229197967074054, 0.00032000002025201705, 0.3452055731864137, 0.4954883881128306, 0.12880217927827817, 0.6409372232690707, 0.02126347320471721, 0.08069399367196842, 0.056759397147907, 0.0842869313902219, 0.06404941309826935, 0.1360883633248945, 0.059016529875572044, 0.012287547962730766, 0.044249601070485194, 0.043052503187889696, 0.008854383567807468, 0.021298299456223038, 0.0018622537127212467, 0.0014011989429324372, 0.0010512586329727892, 0.002974670438691848, 0.010565539245945943, 0.005798953460061865, 0.007560864627639878, 0.006121406812440795, 0.005348779118175579, 0.002683223332114272], [0.006903468977686627, 0.00392398198056549, 0.015717486066931394, 0.016299303743807014, 0.006937605925639442, 4.6002099619776316e-17, 0.0009646251029875178, 0.0009646251029879891, 0.004474163051784637, 0.01748753935904244, 0.021188815845377046, 0.006505857572783125, 5.722422140010952e-17, 0.012225568803840197, 0.012225568803839727, 0.017677563790071595, 0.0410402474452642, 0.08232184777093705, 0.058546212939222055, 6.009375412512379e-16, 0.02126347320471807, 0.02126347320471721, 2.068386341835983, 0.20503306480971042, 0.00024554786158545753, 0.0014249922484784578, 6.684363809324962e-16, 0.09464997541338407, 0.09464997541338765, 0.01779568335218291, 0.041471668776292984, 0.08113059714069529, 0.058969530954888834, 8.89021879489667e-18, 0.02135076586560616, 0.021350765865605748, 0.004465304977493727, 0.01728484225334217, 0.021456046399319657, 0.007064531368476517, 5.382177539432476e-17, 0.012617650040269658, 0.012617650040269948, 0.02287598942577582], [0.030514080244899818, 0.01575837486176572, 0.05787405051529164, 0.06975491213228409, 0.0272088872478425, 3.2251533713349307e-16, 0.002713495745365738, 0.0027134957453674264, 0.017499881661730318, 0.05702787801185876, 0.09054123426992362, 0.03343543284750185, 5.572419144902515e-16, 0.0439212294019863, 0.04392122940198473, 0.04104024733969391, 0.024779267224957494, 0.21889374308881646, 0.1587860202284289, 1.4247017881332018e-15, 0.08069399367196738, 0.08069399367196842, 0.20503306480971042, 0.8128529810637346, 0.0010578379457929204, 0.004182053819352559, 5.251724638924301e-16, 0.22919796700301884, 0.2291979670030285, 0.0413784761118127, 0.026021384965934913, 0.21360492460210906, 0.1607331162317398, 4.564824608577547e-16, 0.08136646990027548, 0.08136646990027446, 0.017293807454845895, 0.055783402759224644, 0.09193581952735798, 0.03691439239491389, 1.3148048511312712e-16, 0.0460803886431923, 0.046080388643192756, 0.09267826095617557], [0.043012883649532485, 0.01748702092531604, 0.07478245658318289, 0.07090588341311888, 0.03310560436510926, 9.580496468076447e-16, 0.010606890841443312, 0.010606890841443903, 0.0215728683775379, 0.09244266520672867, 0.1052768799087068, 0.016208035385396377, 1.1977422733501613e-15, 0.04358743261698934, 0.04358743261699022, 0.08232184729540327, 0.2188937417264108, 0.3911709865277439, 0.25989843031825316, 3.555645396773383e-15, 0.0567593971479096, 0.056759397147907, 0.00024554786158545753, 0.0010578379457929204, 0.6725508869431595, 0.0017039930389691712, 3.559359896020395e-15, 0.00032000037566515174, 0.0003200003756647172, 0.08343509643977026, 0.22394437271467824, 0.3870791054760044, 0.26305675607716317, 2.113952165542981e-15, 0.0567368731897057, 0.05673687318970497, 0.021938811072489198, 0.09391658507733555, 0.10676221580234205, 0.01543686545037893, 5.636695211251477e-16, 0.045830794008192684, 0.0458307940081926, 0.10666830880981956], [0.025396253395522365, 0.006908306821253326, 0.027065465614465312, 0.03051440491460521, 0.00323176412194823, 1.682569783325577e-16, 0.006107477892423248, 0.006107477892420753, 0.006417408655589768, 0.03313661014501379, 0.014867363997683555, 0.0018682163893621612, 3.5829372386516666e-16, 0.008734120981497022, 0.008734120981495192, 0.05854621299742254, 0.15878602055822394, 0.25989843175714344, 0.18256871008650574, 2.885043698905717e-15, 0.08428693139022872, 0.0842869313902219, 0.0014249922484784578, 0.004182053819352559, 0.0017039930389691712, 0.6440638897940507, 4.610975242181421e-15, 0.3452055731494631, 0.34520557314947176, 0.05902255815600382, 0.16137407216505392, 0.2555613744909908, 0.18399333987264208, 2.835024191889321e-15, 0.08471812008854288, 0.08471812008853802, 0.0067644184316975635, 0.03455702601372168, 0.016677732943777845, 0.004067271746026161, 1.3279174863524525e-15, 0.010982284987959631, 0.010982284987957365, 0.03726835590917903], [4.239002137359217e-16, 1.7751194257248776e-16, 9.384044403215076e-16, 3.4573230316442044e-16, 9.818648662689215e-16, 0.005312249529892413, 0.008090884626474951, 0.008090884626476117, 4.060486596019484e-16, 1.71376596522088e-15, 2.756189264457548e-15, 2.0992218738129614e-15, 0.04881915559892938, 0.02112551070429634, 0.021125510704296375, 2.0700261772571505e-16, 1.877969802804243e-15, 1.4149110221259318e-16, 1.1898224826537903e-16, 0.0029169597441324746, 0.06404941309827493, 0.06404941309826935, 6.684363809324962e-16, 5.251724638924301e-16, 3.559359896020395e-15, 4.610975242181421e-15, 0.6609169248586653, 0.49548838812402785, 0.4954883881240183, 7.861577845086771e-16, 4.942466262360591e-15, 2.7715134941382654e-15, 1.295798301425349e-15, 0.001746613504702177, 0.06380790026469073, 0.06380790026468305, 5.89621393590635e-16, 4.275771905275434e-15, 1.6931335535468623e-16, 2.230858501929525e-16, 0.049378356299691756, 0.020214949441567247, 0.02021494944156801, 3.2567876299810873e-15], [0.002683223126560853, 0.0010512586419333101, 0.0029746705014344023, 0.01056553930265303, 0.005798953589972226, 0.0075608646481826, 0.00534877902772691, 0.006121406990316868, 0.012287548134191242, 0.04424960152648348, 0.0430525031544372, 0.008854383300770891, 0.021298299962830204, 0.0014011987199277689, 0.0018622538868903324, 0.021263473234594616, 0.08069399353291416, 0.056759397626767405, 0.0842869316379891, 0.06404941344276512, 0.05901652987557547, 0.1360883633248945, 0.09464997541338407, 0.22919796700301884, 0.00032000037566515174, 0.3452055731494631, 0.49548838812402785, 0.6409372236371778, 0.12880217952745263, 0.0213379309624823, 0.08129072722810306, 0.05732786811173351, 0.0849639793976746, 0.06380323581178597, 0.0589650727449843, 0.1365904768039619, 0.012534511792712385, 0.044963109253353506, 0.04117928849733667, 0.009168894804948322, 0.020779468615966565, 0.0037513943521091542, 0.003192553496842409, 0.010669299958791073], [0.0026832231265614417, 0.0010512586419334055, 0.00297467050143435, 0.010565539302653509, 0.005798953589973357, 0.007560864648180348, 0.006121406990315787, 0.005348779027728708, 0.012287548134191613, 0.04424960152648617, 0.04305250315443874, 0.0088543833007715, 0.021298299962829857, 0.0018622538868907608, 0.0014011987199254003, 0.02126347323459372, 0.08069399353290951, 0.056759397626766336, 0.08428693163797886, 0.06404941344276055, 0.13608836332488952, 0.059016529875572044, 0.09464997541338765, 0.2291979670030285, 0.0003200003756647172, 0.34520557314947176, 0.4954883881240183, 0.12880217952745263, 0.6409372236371668, 0.021337930962483185, 0.08129072722811044, 0.05732786811173115, 0.08496397939767147, 0.06380323581178446, 0.1365904768039636, 0.05896507274497743, 0.012534511792711494, 0.044963109253347316, 0.04117928849733812, 0.00916889480494363, 0.02077946861596438, 0.003192553496843895, 0.0037513943521042905, 0.010669299958789184], [0.0031554924628874985, 0.000850343884562122, 0.003846580016928845, 0.0049752302184036725, 0.0034158004261331844, 8.105937677221828e-17, 0.00047055390268943586, 0.0004705539026889649, 0.0038680431644601007, 0.015574622138862718, 0.016852574136645773, 0.006801266707992576, 3.559299430234873e-16, 0.001055178070485959, 0.001055178070485861, 0.004474162979231026, 0.017499881343512994, 0.02157286819645204, 0.00641740865848961, 6.729962867203574e-17, 0.012287547962731241, 0.012287547962730766, 0.01779568335218291, 0.0413784761118127, 0.08343509643977026, 0.05902255815600382, 7.861577845086771e-16, 0.0213379309624823, 0.021337930962483185, 2.067720815851916, 0.20245000227787763, 0.003484146329607413, 0.0012287632334694117, 1.2850991410915451e-15, 0.0941973979524879, 0.09419739795248841, 0.017744004583292682, 0.040979968212247406, 0.08082820870895072, 0.057205670562517616, 1.6735995761707828e-17, 0.019905017963242136, 0.019905017963241737, 0.019999865972094848], [0.014687299414147861, 0.003846231510827608, 0.01623930374147977, 0.023600207946938484, 0.014074865663519186, 7.572335336882694e-16, 0.0018394117411006162, 0.001839411741098953, 0.015574622201407512, 0.05754108829526767, 0.0721330207203211, 0.026863345533382092, 1.3600356151988572e-15, 0.0029928058846203243, 0.0029928058846164403, 0.017487539108121425, 0.057027877254803294, 0.09244266456354472, 0.033136609856252115, 1.104410569512591e-15, 0.04424960107048778, 0.044249601070485194, 0.041471668776292984, 0.026021384965934913, 0.22394437271467824, 0.16137407216505392, 4.942466262360591e-15, 0.08129072722810306, 0.08129072722811044, 0.20245000227787763, 0.8025111243319794, 0.01450599763851676, 0.003372626385771056, 7.251934183515741e-15, 0.22776194123665616, 0.22776194123665114, 0.04045456049718448, 0.022319646504145176, 0.2151449170623292, 0.15023774836535042, 4.927365821606633e-16, 0.07372012883335147, 0.07372012883334958, 0.07537622882425976], [0.017308899132066707, 0.005220098758655792, 0.02467593029223441, 0.02737355582175624, 0.020317108862259455, 3.387656912682207e-16, 0.0028746297834426997, 0.0028746297834444275, 0.01685257433222099, 0.07213302127269419, 0.07182454908165045, 0.03143384018967119, 4.5023753247305887e-17, 0.010607862859419948, 0.01060786285942265, 0.021188815619495795, 0.09054123305151836, 0.1052768803141762, 0.014867363274742399, 3.0780343549279674e-16, 0.04305250318789072, 0.043052503187889696, 0.08113059714069529, 0.21360492460210906, 0.3870791054760044, 0.2555613744909908, 2.7715134941382654e-15, 0.05732786811173351, 0.05732786811173115, 0.003484146329607413, 0.01450599763851676, 0.6641414132160998, 0.0020019279943255183, 2.2115134654923743e-16, 0.003072658546593129, 0.003072658546590692, 0.08496126131338844, 0.22862478124788904, 0.3817031637363628, 0.2657352075703416, 6.939006625257066e-16, 0.054520776195808, 0.05452077619580875, 0.12460350656684874], [0.008712352566371654, 0.0034570371533269154, 0.014297824417085915, 0.019391620050412655, 0.010089467098822066, 1.4992204829655812e-16, 7.116701979649302e-05, 7.116701979491746e-05, 0.006801266820068972, 0.02686334589059587, 0.03143384023943458, 0.003314539082509129, 4.967449297056298e-16, 0.006074765177903993, 0.006074765177905719, 0.0065058574730537605, 0.033435432190440935, 0.016208035342705644, 0.0018682166024127356, 1.3514534441391722e-15, 0.008854383567808478, 0.008854383567807468, 0.058969530954888834, 0.1607331162317398, 0.26305675607716317, 0.18399333987264208, 1.295798301425349e-15, 0.0849639793976746, 0.08496397939767147, 0.0012287632334694117, 0.003372626385771056, 0.0020019279943255183, 0.6471457916096881, 1.5817696659558706e-15, 0.34607486223562767, 0.3460748622356288, 0.06009522889837289, 0.16554599362121777, 0.24759002526856233, 0.1860738318149868, 1.1074944460294968e-15, 0.08573957501349602, 0.08573957501349323, 0.011516431288674654], [1.8146112863277368e-17, 9.570071993384442e-18, 9.104689039607043e-18, 6.31204726447789e-17, 3.2247126211508204e-17, 0.0034093294777869793, 0.000176232169672335, 0.00017623216967330364, 9.88654383196858e-17, 8.201947491423627e-16, 1.5025760343723878e-16, 6.684770609761547e-16, 0.004934281654668998, 0.007604107338834972, 0.007604107338835001, 1.0807911913106949e-16, 5.956185947297662e-16, 1.7945322637234306e-16, 6.329366783615677e-16, 0.04881915470470183, 0.021298299456223177, 0.021298299456223038, 8.89021879489667e-18, 4.564824608577547e-16, 2.113952165542981e-15, 2.835024191889321e-15, 0.001746613504702177, 0.06380323581178597, 0.06380323581178446, 1.2850991410915451e-15, 7.251934183515741e-15, 2.2115134654923743e-16, 1.5817696659558706e-15, 0.6607806876104985, 0.49526980758427724, 0.49526980758428046, 1.3447116283160777e-16, 2.3563722063385607e-16, 2.420315400070897e-15, 4.304088791832186e-17, 0.00628877897469346, 0.07234394988213173, 0.07234394988213017, 1.5251016865519187e-15], [0.003989009314864452, 0.00042988861146022687, 0.001583569410489904, 0.0027628236735162846, 0.00021486520714190572, 9.189509091991684e-07, 0.0035157233702827672, 0.0005024728715643325, 0.0010551779968153848, 0.0029928055292063028, 0.010607862439751694, 0.006074764962581566, 0.007604107343229698, 0.005224301258719616, 0.006593829174376426, 0.01222556853313493, 0.04392122842946819, 0.04358743173915088, 0.008734120783705343, 0.021125510283651647, 0.0014011989429367799, 0.0018622537127212467, 0.02135076586560616, 0.08136646990027548, 0.0567368731897057, 0.08471812008854288, 0.06380790026469073, 0.0589650727449843, 0.1365904768039636, 0.0941973979524879, 0.22776194123665616, 0.003072658546593129, 0.34607486223562767, 0.49526980758427724, 0.6392571689545352, 0.1280585741323128, 0.021882442630234752, 0.08382868743347796, 0.05278911241298098, 0.08608273247838166, 0.06346177427035672, 0.059924102030843036, 0.1398102808452848, 0.05595381826376416], [0.0039890093148646924, 0.00042988861146015103, 0.0015835694104894896, 0.0027628236735171693, 0.00021486520714061088, 9.18950907447557e-07, 0.0005024728715649423, 0.0035157233702840305, 0.0010551779968155743, 0.0029928055292077664, 0.0106078624397535, 0.0060747649625828865, 0.007604107343232562, 0.006593829174377686, 0.005224301258720769, 0.0122255685331351, 0.04392122842946969, 0.043587431739150403, 0.008734120783704596, 0.021125510283652362, 0.0018622537127192637, 0.0014011989429324372, 0.021350765865605748, 0.08136646990027446, 0.05673687318970497, 0.08471812008853802, 0.06380790026468305, 0.1365904768039619, 0.05896507274497743, 0.09419739795248841, 0.22776194123665114, 0.003072658546590692, 0.3460748622356288, 0.49526980758428046, 0.1280585741323128, 0.6392571689545444, 0.02188244263023456, 0.08382868743347871, 0.052789112412976937, 0.08608273247838039, 0.0634617742703555, 0.13981028084528668, 0.05992410203084438, 0.05595381826376053], [0.0020220598899119745, 0.000455854203339382, 0.0021787478736534274, 0.00219149500055533, 0.0011250031525090283, 2.4962679331584593e-16, 0.0006036049560709502, 0.0006036049560701103, 0.0008503438734941194, 0.003846231454263758, 0.005220098621428663, 0.0034570371206280167, 4.2382275074345225e-16, 0.00042988863229100657, 0.00042988863229031826, 0.0039239819269016206, 0.015758374652804243, 0.01748702074098134, 0.0069083067280238325, 3.893194979613553e-17, 0.0010512586329725108, 0.0010512586329727892, 0.004465304977493727, 0.017293807454845895, 0.021938811072489198, 0.0067644184316975635, 5.89621393590635e-16, 0.012534511792712385, 0.012534511792711494, 0.017744004583292682, 0.04045456049718448, 0.08496126131338844, 0.06009522889837289, 1.3447116283160777e-16, 0.021882442630234752, 0.02188244263023456, 2.0673117662138902, 0.20367705063254343, 0.004392087119295141, 0.0013198211973798426, 1.5355965835440771e-15, 0.09419245763449403, 0.0941924576344969, 0.09182869093438266], [0.00939671016338637, 0.0021787478673160896, 0.009879536135256595, 0.010885689774874072, 0.004749814394343518, 7.082125117095314e-16, 0.0026390614157015147, 0.0026390614156991564, 0.003846579962721746, 0.016239303433572813, 0.02467592965495918, 0.014297824209080306, 2.2053921873165375e-15, 0.0015835695002479958, 0.001583569500243698, 0.015717485793385357, 0.05787404948611502, 0.07478245557715434, 0.027065465140520238, 1.1073950130343418e-15, 0.0029746704386910223, 0.002974670438691848, 0.01728484225334217, 0.055783402759224644, 0.09391658507733555, 0.03455702601372168, 4.275771905275434e-15, 0.044963109253353506, 0.044963109253347316, 0.040979968212247406, 0.022319646504145176, 0.22862478124788904, 0.16554599362121777, 2.3563722063385607e-16, 0.08382868743347796, 0.08382868743347871, 0.20367705063254343, 0.8024397070823719, 0.017171781021253715, 0.004663844340763574, 5.083282435619495e-15, 0.2268024046818364, 0.22680240468184196, 0.2174826831711123], [0.00982069403392774, 0.0021914950017658513, 0.010885689811464205, 0.010668127718747422, 0.007090592502391042, 6.297082933475439e-16, 0.002910520277348687, 0.0029105202773487184, 0.004975230156301353, 0.023600207637501824, 0.02737355496541083, 0.019391619801465993, 3.4374852413299097e-16, 0.0027628238016028303, 0.0027628238016025788, 0.01629930340265265, 0.06975491076653312, 0.07090588224164404, 0.03051440429547293, 7.154465094240636e-16, 0.010565539245945561, 0.010565539245945943, 0.021456046399319657, 0.09193581952735798, 0.10676221580234205, 0.016677732943777845, 1.6931335535468623e-16, 0.04117928849733667, 0.04117928849733812, 0.08082820870895072, 0.2151449170623292, 0.3817031637363628, 0.24759002526856233, 2.420315400070897e-15, 0.05278911241298098, 0.052789112412976937, 0.004392087119295141, 0.017171781021253715, 0.6623458795981811, 0.0032687001835623192, 1.50865952988394e-15, 0.004138252829238255, 0.004138252829236409, 0.5014069253737712], [0.005777023788083021, 0.0011250031390103706, 0.004749814341353239, 0.007090592431315162, 0.003007644812995962, 1.4084485213141489e-15, 0.0015443295717119917, 0.0015443295717128365, 0.0034158003790242357, 0.014074865363886243, 0.020317108370289008, 0.010089466821158494, 2.056426312158754e-15, 0.00021486516159693636, 0.00021486516159665902, 0.006937605723585702, 0.027208886440701845, 0.03310560359162033, 0.003231763689238139, 8.270714996105546e-16, 0.005798953460062743, 0.005798953460061865, 0.007064531368476517, 0.03691439239491389, 0.01543686545037893, 0.004067271746026161, 2.230858501929525e-16, 0.009168894804948322, 0.00916889480494363, 0.057205670562517616, 0.15023774836535042, 0.2657352075703416, 0.1860738318149868, 4.304088791832186e-17, 0.08608273247838166, 0.08608273247838039, 0.0013198211973798426, 0.004663844340763574, 0.0032687001835623192, 0.6494504520104215, 4.167489810518226e-15, 0.3446881661477575, 0.3446881661477575, 0.3407526095471559], [6.47215009454689e-17, 8.159675166295413e-18, 6.239140176471104e-18, 3.697218535225215e-16, 5.311278140343713e-16, 0.0009598882104453772, 0.0005914079302260918, 0.000591407930224862, 1.7127016941834666e-16, 9.887649208007524e-16, 7.702249483315004e-16, 5.963653395334038e-16, 0.003409329545428802, 9.189595297293492e-07, 9.189595301797497e-07, 4.917182718931326e-17, 5.516578202726542e-17, 1.1430803581820868e-15, 7.42565030564904e-17, 0.005312249548824942, 0.007560864627640142, 0.007560864627639878, 5.382177539432476e-17, 1.3148048511312712e-16, 5.636695211251477e-16, 1.3279174863524525e-15, 0.049378356299691756, 0.020779468615966565, 0.02077946861596438, 1.6735995761707828e-17, 4.927365821606633e-16, 6.939006625257066e-16, 1.1074944460294968e-15, 0.00628877897469346, 0.06346177427035672, 0.0634617742703555, 1.5355965835440771e-15, 5.083282435619495e-15, 1.50865952988394e-15, 4.167489810518226e-15, 0.6568422863213812, 0.4919332030284013, 0.4919332030284001, 1.5471649253693238e-15], [0.0015396933537977567, 0.0006036049807505258, 0.0026390615374457345, 0.002910520426179437, 0.0015443296795217827, 0.000591407924251162, 0.00013035337340733168, 0.00010488521664499457, 0.00047055395643155794, 0.001839411971123171, 0.002874630018747038, 7.116690058177116e-05, 0.00017623217256846222, 0.003515723