#/usr/bin/env python
"""
This file was generated automatically.
"""
from matplotlib import pyplot
pyplot.figure(figsize=[12, 4.8])
pyplot.subplot(121)
pyplot.imshow([[0.38935611626538075, 0.15229321196511672, 0.023483934552104818, 0.015588375922738628, 7.120109753888504e-16, 0.010621987550610671, 0.13439443173289395, 0.05290435582771122, 0.2825590887417213, 0.1883579017732147, 7.358247791795947e-15, 0.14125219978745193, 0.07623009031414993, 1.1918436255112461e-14, 0.019123842485252875, 1.2686289866629723e-15, 0.010970640633486512, 7.482960448107876e-16, 0.0075069862057917155, 0.033622677461406375, 0.03626885261917741, 0.00875810817261107, 0.006292561590676853, 0.00028554031561943535, 0.033622677461398014, 0.036268852619142145, 0.008758108172610425, 0.006292561590678773, 0.00028554031562143213, 0.0015701958362274097, 0.022681542163033572, 0.011155343581546075, 0.0435786794233606, 0.004566318086965131, 1.5156776093725847e-14, 0.016146916937819104, 0.01755705561526394, 5.709338073216542e-15, 0.007817140114598756, 1.4683117970614218e-15, 0.006181665293246611, 6.978106902850177e-16, 0.016508833626424285, 0.02680658382443041, 0.018072301188962036, 0.0024806728051857143, 0.0007830369761365854, 0.0008030888132275116, 0.026806583824411447, 0.01807230118895105, 0.002480672805185187, 0.0007830369761362838, 0.0008030888132277028, 0.00031638613953622463, 0.026719020240991303, 0.03595703494484689, 0.04388595720320071, 0.011394896721023848, 1.3359085981496633e-15, 0.0258540091215851, 0.005486328902597843, 1.807223081116389e-14, 0.0029927417543389847, 1.7933138097086217e-15, 0.002602666142583753, 5.943900170848661e-16, 0.002019072373883799, 0.009015613109077518, 0.0014669702174686216, 0.0016403709957726724, 0.0007852952431411861, 0.0008665560584353901, 0.009015613109070593, 0.0014669702174325255, 0.0016403709957726038, 0.000785295243138898, 0.0008665560584332791, 0.00011115771714037372, 0.007578204674990637, 0.014407646507398435, 0.016575681764554817, 0.010165912835223213, 3.5501648874491027e-15, 0.006455169550430254, 0.00981711116266472, 6.0998449478307e-15, 0.0011772360220889018, 8.108787191372981e-17, 0.0007491703635671978, 4.25100375781629e-16, 0.002580790050231896, 0.0008834386935353468, 5.453727475799837e-05, 0.0008263551009341542, 2.2733581114571076e-05, 0.00012187729580369163, 0.000883438693540801, 5.453727475662187e-05, 0.0008263551009341612, 2.2733581114867497e-05, 0.00012187729580338631, 0.00018931068228111365, 0.002737996526043295, 0.014431219722039493, 0.00638639633127569, 0.002044487049386463, 1.4983501383294655e-15, 0.0045923465044283365, 0.005416707719057854, 5.043298256445711e-15, 0.0007555265706384075, 1.5916381557412415e-16, 0.0005926385822361444, 1.46367579357451e-16, 0.0011957435726735774, 0.0019289732479200287, 0.0019339317175584335, 0.0003726032942750349, 3.650234036416502e-05, 0.00010563724171587052, 0.0019289732479222262, 0.0019339317175784765, 0.0003726032942751984, 3.6502340363127816e-05, 0.00010563724171657967, 1.0843845408044071e-05, 0.0022643521912471924, 0.008627135796999672, 0.004213347099416884, 0.0016881963259283146, 5.678563282336151e-16, 0.004239051507093201, 0.0034649638551224483, 1.0581504149589003e-15, 0.000522361238443343, 3.377581616661675e-16, 0.00030817643266263474, 1.580965629697029e-16, 0.0005835260184223522, 0.0008221919933796475, 0.0008460360436943503, 0.0001642351391531469, 1.830632352298856e-05, 5.2278962599699064e-05, 0.000822191993380573, 0.0008460360436930818, 0.00016423513915306753, 1.8306323522818396e-05, 5.227896259956462e-05, 0.0026985499512953842, 0.004573446969803233, 0.00012393461344073877, 7.363186621819938e-05, 1.0746824604279076e-18], [0.15229321196511672, 0.0688651395904108, 0.007753992909949312, 0.005072046079555265, 1.2545578791024572e-16, 3.663677522649093e-05, 0.013655241935493397, 0.0008340146653003071, 0.12890750942004642, 0.0788392295806601, 5.431653876657821e-15, 0.06317427990563286, 0.03454931540909303, 5.470807816025557e-15, 0.009686767187839253, 1.5511515337588166e-16, 0.004864171535399056, 8.944332780829776e-17, 0.004594392262215758, 0.03723219814229341, 0.02013141175167111, 0.0040858101059414766, 0.0009391755035886833, 0.0022952373927106196, 0.03723219814229598, 0.020131411751661905, 0.004085810105940601, 0.0009391755035888861, 0.002295237392710376, 4.478639640007325e-05, 0.01305008918230982, 0.0008341082037105407, 0.05947449422642135, 0.012756228379626694, 1.3561892129437411e-14, 0.02672909099720008, 0.010541851671630503, 1.296000394370075e-14, 0.008239551821925085, 2.6814875807700436e-15, 0.002579566343997904, 1.7232211439429578e-15, 0.006514233190583462, 0.019054436850889533, 0.01065710234151121, 0.001944440568879992, 0.00043170982813155634, 0.0010884493922001326, 0.019054436850918937, 0.010657102341523539, 0.00194444056887922, 0.000431709828133026, 0.0010884493922008888, 0.0002558738135598771, 0.024673402055690692, 0.028694573285600797, 0.051399585468746026, 0.011048371124329263, 4.727918283515799e-14, 0.026180511755816177, 0.007389759428581587, 3.7761965603455546e-14, 0.003732464802503662, 5.98169929597136e-15, 0.0006998161694900553, 1.6495082276592572e-16, 0.0010787670732885827, 0.0075316779411443765, 0.0006551645556085763, 0.0016269078321575184, 0.0008404849362649714, 0.0009328686806313627, 0.007531677941217015, 0.000655164555623146, 0.001626907832157809, 0.0008404849362674282, 0.0009328686806320838, 0.00046583564084940366, 0.0056405531320789844, 0.01217120840085165, 0.02057690090333939, 0.011395906928653322, 1.3601942639248846e-14, 0.015380550212410794, 0.007836403765880112, 1.3469863005507687e-14, 0.0018496497606672246, 3.0059160164483763e-15, 0.0002614107436506628, 1.4258882563962853e-15, 0.0018134401151007136, 0.0013735365807225842, 2.4454281807105788e-05, 0.0007515728945827757, 0.0001490003533758801, 0.00016908644337343062, 0.0013735365806943425, 2.4454281792795187e-05, 0.0007515728945832068, 0.0001490003533768516, 0.00016908644337304532, 5.380715079543549e-05, 0.00440128443854034, 0.008460410209389176, 0.009635782214382424, 0.0012412613344751043, 2.5695321922102377e-15, 0.006999329041951805, 0.0015424608030470887, 4.593688480604109e-15, 0.001061424321908101, 1.0284964375115396e-16, 0.0005486203843231282, 6.801001042923298e-16, 0.0011770960771442284, 0.002998288078747207, 0.0019127055195952518, 0.0003882322560421947, 0.00011991377595416182, 0.00020719527796188593, 0.0029982880787443305, 0.0019127055196079723, 0.00038823225604279294, 0.00011991377595455587, 0.00020719527796219826, 0.00014068620435930113, 0.0010500074180137446, 0.005662114745935268, 0.006894092169462102, 0.002911934862864103, 9.33975033539431e-15, 0.005770478849495105, 0.0020412321545293165, 2.9823425572871908e-15, 0.0005687146579103205, 4.283752061714027e-16, 0.0002229159783115557, 9.431957791363961e-17, 0.0004652839754365171, 0.0005132854768135423, 1.3931619190875669e-05, 0.000219774723516546, 1.062548454291862e-05, 7.968124658506293e-05, 0.0005132854768282076, 1.3931619181202417e-05, 0.0002197747235166258, 1.062548454189703e-05, 7.968124658568255e-05, 0.004573446967037521, 0.0041267327952704755, 1.4418565385266799e-05, 0.00024749312637468036, 3.6346445003133314e-16], [0.023483934552104818, 0.007753992909949312, 0.0017606815889918618, 0.00098449102636924, 1.0930256512638893e-16, 0.0018844057680655602, 0.015844725153500116, 0.0072659468970048885, 0.010051705322382021, 0.014418872689038676, 1.0522379823934557e-15, 0.0057865055419542896, 0.00549950955355178, 1.86723192161436e-15, 0.0005339405013409899, 2.813336190889905e-16, 0.0008772961430005108, 2.3331160392271887e-16, 0.0005136661373518073, 0.00027772283797448163, 0.0023150633640852685, 0.00033927348849565844, 0.0006734600567692594, 0.00032695811591905384, 0.000277722837974514, 0.0023150633640816633, 0.0003392734884956657, 0.000673460056769472, 0.00032695811591931703, 0.0003405677630827438, 0.0019297610200241463, 0.003699085351999677, 0.006209918905279064, 0.004200184082418545, 7.261707222136982e-15, 0.003256537217504451, 0.0032511821865020087, 4.855985609418191e-15, 0.00044888991347698427, 5.352892830854881e-16, 0.0007695930243628097, 2.731066430818502e-17, 0.0012213792127256614, 0.0020612949508227057, 0.0017122479603662716, 5.5952122136898694e-05, 5.099054618856463e-05, 2.2144252388793525e-06, 0.002061294950812099, 0.0017122479603646835, 5.595212213692497e-05, 5.0990546188987394e-05, 2.2144252386915615e-06, 8.269088553052826e-05, 0.0009075787418999662, 0.0005571745109145817, 0.0004886636728049219, 0.0003166683874986307, 1.458185287323085e-15, 0.00046366553021277477, 0.00014636108836346738, 1.2591455340049356e-15, 0.00015786358732306966, 5.03353750319753e-17, 6.956891289116873e-05, 2.8749031213804794e-16, 0.0002359677689480007, 6.227124130388227e-05, 0.0003277485576790178, 1.954225204008853e-05, 1.5900629338832994e-05, 1.8367051097293987e-05, 6.227124130480405e-05, 0.0003277485576821501, 1.9542252040166255e-05, 1.5900629338748727e-05, 1.8367051097238605e-05, 5.737011937568865e-05, 0.0003473931875814985, 0.0005350004202932415, 0.0010799311017580505, 0.00017063027356698177, 4.2887169605319843e-16, 0.0015497499592195384, 0.00018239913585902176, 6.002307184196056e-17, 0.00012096695310168982, 1.998141633919552e-17, 1.8573562448964627e-05, 8.29637515846311e-17, 8.440800126004565e-05, 4.049476903729529e-05, 0.00011442791037403737, 5.910790840371152e-06, 3.247051687987507e-05, 2.8840786722987698e-05, 4.049476903668064e-05, 0.00011442791037362868, 5.910790840393473e-06, 3.247051687978599e-05, 2.8840786722949016e-05, 1.3900896265777907e-05, 7.251877095690301e-05, 0.0005738226629973205, 0.0005002582065714851, 0.0003275332583615998, 7.39671114574749e-16, 0.0004528853127705333, 0.00022470113363880212, 8.27710477407577e-16, 4.0547253369586694e-05, 6.70259406819702e-17, 7.96639446488911e-06, 5.005677657938934e-17, 2.7494204685326466e-05, 0.00013697890312017692, 0.00012139528476829334, 5.799575770586892e-06, 1.1899732447641463e-05, 1.6155548887782838e-05, 0.0001369789031190964, 0.00012139528476887195, 5.7995757705647875e-06, 1.1899732447663126e-05, 1.61555488877798e-05, 4.191299150800096e-07, 3.4305194656489486e-05, 0.00016963232864509347, 0.00019516636668501035, 8.950139030144868e-05, 4.3735220123167027e-16, 0.00016719981529185837, 0.00020676986398997867, 3.7868492719516183e-16, 9.402933821516955e-06, 5.400155796500848e-17, 1.255416583816143e-06, 2.0875073011561946e-17, 1.0591430220378481e-05, 6.54981411920099e-07, 3.5238943414223306e-05, 4.704944921879696e-06, 5.168164711839222e-06, 3.2750104143774394e-06, 6.54981411146846e-07, 3.5238943414026984e-05, 4.704944921885774e-06, 5.168164711869608e-06, 3.275010414366543e-06, 0.00012393461440410487, 1.4418567428436144e-05, 4.12619618040804e-07, 9.74490320043545e-06, 8.712583333701446e-18], [0.015588375922738628, 0.005072046079555265, 0.00098449102636924, 0.0009786961453374056, 6.781292669919174e-17, 0.0015305277294561475, 0.010563469415050696, 0.004660327406204278, 0.014090283960035437, 0.001056137193718068, 1.2831579411184603e-15, 0.007097657717367991, 0.0009803569557475726, 1.5899643023849373e-16, 0.0009302284657946995, 2.9715038254800735e-16, 9.592661922779375e-05, 1.4423685625918597e-16, 0.0001240793236152294, 0.006165397432876035, 0.0011491321288370933, 0.00038603011331285556, 0.00046600972022958927, 0.0006626503923935622, 0.0061653974328784045, 0.0011491321288406096, 0.0003860301133127669, 0.00046600972022969883, 0.0006626503923936359, 0.00018754082383195446, 0.0022831096518078856, 0.0002928871863290966, 0.003260497228936553, 0.004316144947105556, 4.683918024401489e-15, 0.0012243455990391093, 0.0014422909586874913, 3.298395255388394e-15, 5.799006029296187e-05, 5.137588173769765e-16, 1.3767004846715645e-05, 5.53047051970229e-17, 0.00032729788125529177, 0.0010151832894934548, 0.0006991289478600357, 0.00015332586387830326, 8.069755469197416e-05, 8.872303084185e-05, 0.0010151832894859875, 0.0006991289478585691, 0.00015332586387828225, 8.069755469225495e-05, 8.872303084174508e-05, 4.626432652262257e-05, 0.0003768666082016184, 0.00042910753150682214, 1.0724111383243924e-05, 0.0001657009149272288, 6.943524257634469e-16, 0.0009764091823934165, 0.0005820009367383329, 7.604240382855162e-16, 9.99808606644323e-05, 2.700389589640262e-16, 0.00017974164572318307, 1.5874198366455123e-16, 0.0003202736210000526, 0.00021496789249672506, 0.0003449735167965493, 2.0012329734267137e-05, 1.573606667983114e-05, 3.087285946397931e-05, 0.00021496789249844021, 0.00034497351679784453, 2.0012329734288306e-05, 1.5736066679772523e-05, 3.087285946398715e-05, 2.9094224817368396e-05, 0.0005297588352185939, 0.00010663109065175259, 0.0006863667701633397, 0.000279843887802318, 2.552712530893696e-16, 0.000337900881856605, 0.00012890063290263228, 7.568477727443519e-17, 3.613249532064721e-05, 5.375203493458949e-17, 5.1644095877270894e-05, 8.737908816867642e-18, 5.127009920704318e-05, 0.0001420499669977657, 1.791362887360749e-05, 3.5665283830721206e-05, 3.5734710946797238e-06, 8.031270350145841e-06, 0.00014204996699761967, 1.7913628873570734e-05, 3.566528383077502e-05, 3.5734710946421748e-06, 8.03127035012694e-06, 1.508043802412241e-05, 6.594830813603446e-05, 0.0004901664397650484, 0.00031939477649533306, 0.00012030093650791521, 8.694479272832608e-17, 0.00036967593442144915, 0.00022506745356409028, 1.6264349146801658e-16, 3.222959636051256e-05, 3.723804757502839e-18, 1.74777108405488e-05, 2.2670048635091052e-17, 4.693915889052886e-05, 3.8455017068773814e-05, 1.708378681573299e-05, 1.0670867308878353e-05, 6.7059522238897495e-06, 8.717877164482237e-06, 3.845501706869075e-05, 1.708378681572554e-05, 1.067086730889463e-05, 6.705952223886185e-06, 8.717877164473238e-06, 2.8980199243787827e-05, 0.00017131181975597225, 0.00012263726888538877, 0.00019683563242695263, 0.00012763296747827807, 4.102644864680991e-17, 5.47919853885275e-06, 0.00015480895747517785, 1.453574556359042e-16, 2.6364897384072644e-05, 7.227015807529438e-19, 1.0587542700051665e-05, 1.3491578193432382e-18, 2.8270422099866357e-05, 4.1494909422608935e-05, 3.4096843287986296e-05, 9.664644758096367e-06, 4.345252011181637e-07, 3.0524992483194845e-06, 4.149490942266813e-05, 3.409684328782594e-05, 9.664644758096693e-06, 4.3452520111864144e-07, 3.0524992483242245e-06, 7.363186937878663e-05, 0.00024749313054726364, 9.744903195018152e-06, 2.379797066904326e-06, 3.1124136455957224e-18], [7.120109753888504e-16, 1.2545578791024572e-16, 1.0930256512638893e-16, 6.781292669919174e-17, 0.000344785352655051, 7.509136689966102e-17, 2.5222250836081635e-15, 5.623153423481056e-15, 9.048747495234122e-16, 7.409779337183543e-16, 0.011107854215047945, 1.499009535209004e-15, 1.9445720225694749e-16, 0.005058446616346917, 6.7053907609640534e-18, 0.0007697748626329236, 4.4229450234663187e-17, 1.7878769999205517e-05, 9.732956463773718e-17, 0.008511429509715772, 0.00373477081994367, 3.189413041697588e-05, 0.0004568983886011762, 0.0002722437205888963, 0.00851142950971769, 0.0037347708199452004, 3.189413041710448e-05, 0.0004568983886013591, 0.0002722437205892845, 1.5971669541422656e-16, 1.148687268956447e-16, 1.6914675062023935e-15, 1.4549533787018806e-15, 1.0989858064214614e-15, 0.00030736704483056484, 4.232455602309867e-15, 2.9831289408377255e-16, 0.000310343898601509, 4.2520370416375297e-16, 0.000494077768863666, 3.9507312137365335e-17, 0.0004526264804585032, 5.804167758613032e-17, 0.001081721383736269, 0.001397470969767464, 1.870558743608755e-05, 2.0626470596376485e-05, 3.303697490003353e-05, 0.0010817213837373447, 0.0013974709697695904, 1.870558743623248e-05, 2.062647059645887e-05, 3.303697489988924e-05, 4.840281913942605e-16, 2.854582083990123e-16, 5.112501985209979e-16, 2.899092667815665e-16, 8.648036348775718e-17, 0.0005437187893466997, 3.875040983984254e-15, 7.134260386076123e-17, 0.0005711335474791364, 2.0467723684716377e-16, 4.6230033005818696e-05, 4.994762727510458e-17, 9.783323764317545e-06, 1.2604995794238455e-16, 0.000236006132475599, 0.00014339546207225287, 4.492501627216856e-05, 2.097784821205173e-05, 1.0139048721831293e-05, 0.00023600613247610607, 0.00014339546207180158, 4.492501627185458e-05, 2.0977848212058058e-05, 1.0139048721872303e-05, 2.9455473969428594e-16, 1.6846033214851227e-16, 1.8906526277352316e-15, 4.5313843309600196e-17, 4.778011192087171e-16, 0.0002803032667015795, 3.0420959383849006e-15, 7.032686756449211e-16, 0.00013026802914501058, 1.7379006628803532e-16, 2.8683736419949106e-05, 4.8093329470351295e-17, 2.6156778129515247e-05, 5.040449496865003e-17, 0.00027448865954032815, 0.00020487543435095218, 1.2802745981966085e-05, 1.4305796163744896e-05, 6.522704000969303e-06, 0.00027448865953969367, 0.0002048754343512892, 1.2802745982113357e-05, 1.4305796163746394e-05, 6.5227040009674145e-06, 9.072453755672078e-17, 7.316445916020636e-19, 7.292600662536399e-16, 2.3355981807777477e-16, 5.571453855942359e-17, 7.308958972107897e-05, 2.124013445904154e-15, 1.870059255538397e-16, 8.393399153335131e-05, 1.0949957383846284e-16, 2.2811169729617916e-05, 5.112350295029036e-17, 1.1776351927098703e-05, 6.406901924043251e-17, 0.0001016235365346525, 0.00017137105943623702, 2.913776152383377e-06, 6.349854217851298e-06, 1.8300007149404697e-06, 0.00010162353653470595, 0.0001713710594361756, 2.913776152475402e-06, 6.349854217805379e-06, 1.8300007149297793e-06, 1.3010312602894164e-16, 1.7726369867817214e-16, 1.7648323788634073e-15, 7.390481749370602e-17, 1.8149958388423272e-17, 1.518628794373476e-05, 1.0118257079863372e-15, 2.82654292602009e-16, 4.940993897691764e-05, 2.948020048972809e-17, 8.732806387499591e-06, 2.6058495912478945e-17, 2.5417743054764952e-06, 3.625824044428217e-17, 6.50658756727832e-07, 3.6191520072044023e-05, 2.735340407810138e-06, 6.579940589934789e-07, 1.1148194466291123e-06, 6.50658756620457e-07, 3.619152007208377e-05, 2.7353404077730506e-06, 6.579940589962788e-07, 1.1148194466302384e-06, 3.8240432040598226e-17, 4.357706191910271e-16, 1.7913790596757513e-17, 5.7341194774728426e-18, 5.253066600451552e-07], [0.010621987550610671, 3.663677522649093e-05, 0.0018844057680655602, 0.0015305277294561475, 7.509136689966102e-17, 2.012420938505806, 0.007957863658071744, 0.031808095885955845, 0.001676679377917885, 0.0008672317086599134, 2.021456856760455e-14, 0.0012619333434460388, 0.0008043537545877223, 1.552727855117471e-14, 0.0003598475165300125, 1.0147196555960752e-15, 0.00024552262966637386, 8.075620762373528e-16, 0.00015635213371995022, 0.010297685178369312, 0.0010912078011303724, 0.0002474169139122839, 0.0013485236526131193, 0.0019836723531693953, 0.010297685178341934, 0.0010912078011271543, 0.0002474169139123704, 0.001348523652611631, 0.001983672353168921, 0.00013538428819881968, 0.003958797575536377, 0.000981863657320706, 0.005324518616194619, 0.0023099893375445346, 1.9503588189479012e-14, 0.0007028149569908142, 0.0007194371230429041, 6.7143680636231914e-15, 0.0010149900093261708, 1.2449863212478368e-15, 0.0007618690590868305, 1.0087161294230276e-15, 0.00037296413669070166, 0.0009473557133545893, 0.0002556957945451782, 6.23964722729036e-05, 5.134169748643501e-05, 0.0001384756021498475, 0.0009473557133259081, 0.0002556957945572235, 6.239647227256299e-05, 5.134169748788974e-05, 0.00013847560214907641, 0.0004200451374513683, 0.0002594181342202646, 0.0026977430343429086, 0.00013670805946693673, 0.0007232326375944679, 1.1482929849890246e-14, 0.004221694754065276, 0.00014432833560557492, 5.912662010721723e-15, 0.00011416381523520921, 1.6966267449520873e-15, 0.00014414220202253872, 7.517903546708312e-16, 3.648945453197569e-05, 0.00030444306500143414, 0.0004299049538423432, 0.0001113627288041983, 0.00010673466055827626, 4.318512133011393e-06, 0.0003044430650222872, 0.00042990495385131173, 0.00011136272880401591, 0.0001067346605574274, 4.3185121328543596e-06, 0.0002644248571724629, 0.0008635870208177286, 0.001540388155902642, 0.00019034208073554333, 0.0009122600331426979, 3.979590551972841e-16, 0.0003592204061323782, 0.0009231248419533784, 8.139037600478239e-16, 3.129528639528282e-05, 5.85297648267637e-16, 5.840938354109574e-05, 4.585156851724517e-16, 9.078678184304741e-05, 0.0009630147903770145, 0.0004603374663938416, 3.369842392048417e-05, 4.666924683803906e-05, 8.494590639974074e-05, 0.0009630147903741216, 0.00046033746638936377, 3.3698423920245466e-05, 4.666924683790214e-05, 8.494590639977894e-05, 5.869908938478735e-05, 0.00012283565315609815, 0.0005635834761162718, 0.00028426640437445274, 0.0003620956445247527, 1.7311573885566995e-15, 0.001544945587564311, 0.00045549107610423807, 1.2912821803776945e-15, 5.6992953062198015e-05, 7.344522166846374e-17, 3.557292460593177e-05, 1.268046230317611e-16, 9.144250095126855e-05, 0.0003033727638590485, 0.00010808262405711066, 3.255027246978981e-05, 4.086350990026489e-05, 1.8629648825638847e-05, 0.0003033727638562064, 0.00010808262405657151, 3.255027247000576e-05, 4.086350990040624e-05, 1.8629648825592304e-05, 0.0001276307144643628, 0.0005525941656411841, 0.0011632645142911557, 2.849911516299165e-05, 0.0003450921712164467, 2.8864900267910476e-15, 0.0004711704271846091, 0.0005898832594525758, 1.10912206055502e-15, 1.0537482457023733e-05, 2.4047148838499427e-16, 3.6385359950195496e-05, 8.060757708348684e-17, 5.08786168622797e-05, 0.0004886310568893, 5.297899747918337e-05, 4.293547051342742e-06, 2.0507440671879685e-05, 3.1076742292875616e-05, 0.0004886310568941136, 5.297899748195172e-05, 4.293547051343675e-06, 2.050744067215747e-05, 3.107674229301892e-05, 1.0843841572802078e-05, 0.0001406862086416368, 4.1913036960551514e-07, 2.898019949817376e-05, 1.0944023143860102e-16], [0.13439443173289395, 0.013655241935493397, 0.015844725153500116, 0.010563469415050696, 2.5222250836081635e-15, 0.007957863658071744, 0.28367143149619334, 0.13693193694760297, 0.021082085336721505, 0.011668111816730425, 3.665979944090949e-14, 0.011266564277860954, 0.008541043350635769, 1.606459969800245e-14, 0.0030434564554680694, 1.1273328845481801e-15, 0.001721652284833708, 5.364987377431987e-16, 0.0013901247113411593, 0.13798323765240408, 0.01571408774230489, 0.000540872401540595, 0.011404865418363186, 0.015695458557718603, 0.13798323765244, 0.015714087742401073, 0.0005408724015406701, 0.011404865418367749, 0.0156954585577231, 0.007543333982602372, 0.03945997281579244, 0.06230463006403579, 0.12035397408002714, 0.0859799091759298, 3.213160803239884e-14, 0.061929317624222435, 0.05306919043886725, 2.718698681485015e-14, 0.0176425875271585, 2.7424902112952257e-15, 0.010864230566248027, 3.3682217962731405e-15, 0.0074300703362992155, 0.02642412511673478, 0.01450541345980486, 0.0019894380562675337, 0.0007800931981073571, 0.00040676954519913765, 0.02642412511668569, 0.01450541345982195, 0.0019894380562678286, 0.0007800931981085736, 0.0004067695451997658, 0.0012547191546162526, 0.011643758065527655, 0.03880488457362732, 0.027337686745364704, 0.009521910643010134, 1.954552050455205e-14, 0.013858319512076837, 0.008201326200221667, 7.587045612800855e-15, 0.004060337900264718, 1.1913613216372024e-15, 0.0016690256874420646, 1.44714221693012e-15, 0.006131527518560458, 0.01630748686970714, 0.01175135894680083, 0.0014164590458346986, 0.0005272374070924047, 0.0014695744827128458, 0.016307486869741004, 0.011751358946862847, 0.0014164590458358086, 0.0005272374070970121, 0.0014695744827154526, 0.0013502543573258388, 0.00986823044351786, 0.032452728029859594, 0.02312745360219702, 0.009700141519181764, 8.65000462673141e-16, 0.03608866987132041, 0.008009541937444886, 2.515073371262587e-16, 0.001971324718266748, 1.6527999907656904e-15, 4.213145721400562e-05, 1.094574868142149e-15, 0.0005370883172933544, 0.0002022523245274384, 0.0015015820302714906, 0.00036591619045980774, 0.0005807494166552216, 0.00046280945879287425, 0.0002022523245311796, 0.0015015820302759463, 0.0003659161904596924, 0.000580749416654547, 0.0004628094587921931, 2.263274448467753e-05, 0.003149771526691854, 0.0005605238666356125, 0.006658907417107627, 0.004190993576349951, 2.5220500157433634e-15, 0.006098739503841202, 0.001118321965805555, 2.8327846258955214e-15, 0.0005600694296951114, 9.612975021125463e-17, 0.00026546307087049493, 3.199369931692878e-17, 0.0012254159203657694, 0.0005338554510813765, 0.00034704667157001975, 0.0002320456455059986, 0.00017297947719531064, 9.355927354890963e-05, 0.0005338554510771114, 0.0003470466715734811, 0.0002320456455057263, 0.00017297947719520368, 9.355927354918027e-05, 0.0005525941683189904, 0.0002975961461256331, 0.004259182991945702, 0.00288423672491845, 0.0014843686443405065, 4.674908143005775e-15, 0.00569627360003384, 0.0018556846181951425, 1.1826762269141822e-15, 0.00016829835518601872, 1.3519472731404544e-16, 0.00014730006320166363, 3.200105885900354e-17, 0.0002099737377323276, 2.5575741990003413e-05, 0.00033771852475248634, 5.834886215383119e-05, 8.27211677062618e-05, 5.77150847709103e-05, 2.5575741982257873e-05, 0.00033771852476034855, 5.834886215380441e-05, 8.27211677055899e-05, 5.771508477146135e-05, 0.002264352234623776, 0.001050007464109738, 3.430519547135426e-05, 0.00017131182111484317, 1.802441046973391e-16], [0.05290435582771122, 0.0008340146653003071, 0.0072659468970048885, 0.004660327406204278, 5.623153423481056e-15, 0.031808095885955845, 0.13693193694760297, 0.07208267223920709, 0.023404515408840663, 0.005840471207377137, 2.2642603897230547e-13, 0.00414938037506693, 0.0037373024631594874, 1.1537565970319204e-13, 0.0026134741096638095, 2.141334225960178e-15, 0.0003579906896081961, 1.4082334411082315e-14, 0.0002978580774314018, 0.06731131122000505, 0.008803027066518618, 0.0007429354333999432, 0.005514006125554281, 0.007583055315462316, 0.0673113112197158, 0.008803027066500275, 0.0007429354334016834, 0.005514006125536434, 0.007583055315449545, 0.003903169500924259, 0.010675568220517887, 0.021008429646870486, 0.07955846129395494, 0.03316499638048289, 3.5939221178484037e-13, 0.03984503727458494, 0.02125412602815522, 1.4424552683947033e-13, 0.011200704003976865, 1.9881642902743267e-14, 0.004728524351049962, 1.2419062882053222e-14, 0.004116991098158965, 0.013431954316342143, 0.007132593248595661, 0.0016213008745179615, 0.00010269015728860023, 0.000398697754817879, 0.013431954316882275, 0.007132593248846898, 0.0016213008745198211, 0.00010269015725707296, 0.00039869775483760556, 0.0008129531394113874, 0.019000937414487034, 0.02364752720800093, 0.04579522719040739, 0.017293826820572938, 1.1692976856340507e-13, 0.023577912106908405, 0.0027046828606649325, 6.243244667568951e-14, 0.00557767697400445, 2.2205474248807025e-14, 0.0016575524245360158, 1.522560813549228e-14, 0.002959727496031505, 0.02116940773546696, 0.008592400634371878, 0.0014486781549118925, 0.000847525435559213, 0.001953968343901993, 0.021169407735236626, 0.008592400634228335, 0.001448678154912089, 0.0008475254355496414, 0.0019539683438993837, 0.0005035086785191917, 0.02687205241287024, 0.025811961797905264, 0.03370296256397879, 0.0002707476842066179, 3.1278329041318216e-14, 0.027859650493025922, 0.0007378178687654777, 2.6016620338194154e-14, 0.002178684594948057, 3.843694051707375e-15, 0.00035742686214326513, 4.444547489107215e-15, 0.00035019302321901373, 0.014264941144167912, 0.003488654243246304, 0.0008640196457611447, 0.0011883641693837532, 0.0016374404024575033, 0.014264941144190656, 0.003488654243218185, 0.0008640196457574244, 0.0011883641693852158, 0.0016374404024588837, 0.00016328704037009108, 0.002357714610482721, 0.0010216594226545189, 0.00969924652630225, 0.008117996137382264, 2.4847062244951685e-14, 0.00910472989320612, 0.0021184582263026686, 1.4099644706954723e-14, 0.0007059369637317336, 3.121979842045028e-15, 0.00017263770514525225, 1.7224714804701416e-16, 0.0006476528116995489, 0.0027163329424118527, 0.0018119206015393815, 0.00035797787746919316, 0.00017214467059169513, 0.0002838095631349978, 0.0027163329423656687, 0.0018119206015062039, 0.00035797787746738835, 0.0001721446705943942, 0.00028380956313400773, 0.0011632645040661996, 0.0042591831049122696, 0.0038142879128170693, 0.007300253362657105, 0.006726939472620436, 3.637979796878728e-14, 0.00607549297525226, 0.004916405282547852, 1.475673472213003e-14, 0.0006412420510846701, 3.872674186415733e-15, 0.0007056956822883249, 9.662172093131466e-16, 0.0008732556962987184, 0.0067916161155681404, 0.0026434331213915033, 0.0002498547990487534, 0.0001711648763876372, 0.0004914225719856818, 0.006791616115629794, 0.0026434331214277005, 0.00024985479904911587, 0.00017116487639066017, 0.0004914225719872571, 0.008627135840554655, 0.005662114857337477, 0.00016963231859887012, 0.00012263727341484283, 1.2769212717242374e-15], [0.2825590887417213, 0.12890750942004642, 0.010051705322382021, 0.014090283960035437, 9.048747495234122e-16, 0.001676679377917885, 0.021082085336721505, 0.023404515408840663, 0.3897773082252836, 0.015871762438421484, 4.723567494541128e-16, 0.1754855391603163, 0.005052318463921353, 1.779300797934607e-14, 0.028910148766949015, 1.182884845457374e-15, 0.002654038330200965, 1.714862960751816e-15, 0.0016469749087023675, 0.001052771003659577, 0.004425955867795481, 0.010830961885962704, 0.00025746308729996536, 0.00012847004670047486, 0.0010527710036634923, 0.004425955867758838, 0.01083096188596167, 0.00025746308729899555, 0.000128470046701244, 0.005647673776345287, 0.11268590763204561, 0.07408823894338085, 0.22311523379646298, 0.151136215894993, 8.626312193297677e-15, 0.10119172110417513, 0.06744667310193661, 4.068745725786034e-14, 0.021879908531603515, 2.0924937007567854e-15, 0.008130894055543543, 4.3193465611818356e-16, 0.0038039039346387613, 0.018145085167548328, 0.01873740580643062, 0.006340731946931994, 0.0035490578536940694, 9.582723748525589e-06, 0.018145085167560856, 0.01873740580652228, 0.006340731946931936, 0.0035490578536897114, 9.582723744385648e-06, 0.00021972713369637517, 0.023844207985023912, 0.043908331767433736, 0.045094388792848744, 0.004248028069975337, 3.4781259505527595e-15, 0.0454386681205732, 0.0030380967236121686, 9.616945836889845e-15, 0.006610134094514926, 2.791867048002838e-16, 0.005132468317348983, 8.326119595801843e-16, 0.012537113771471528, 0.02135773768295907, 0.015575889775767036, 0.0024302055390964233, 0.0009488988554833566, 0.0011551332209761322, 0.02135773768295537, 0.015575889775776933, 0.0024302055390972906, 0.0009488988554847762, 0.0011551332209769867, 4.067992735488011e-05, 0.020871133306871372, 0.03253887518038019, 0.03487832837293585, 0.011189306573685253, 2.0915345506674397e-15, 0.028659677698178523, 0.007879532034149053, 1.2113430489934978e-14, 0.0026192344734894644, 4.702594865157244e-16, 0.00210764083719512, 1.6985261052797308e-16, 0.002396953280207144, 0.0071132380637482714, 0.003663700993767895, 0.0011959242229991987, 0.0006589307909563433, 0.0007281277615234634, 0.0071132380637503375, 0.003663700993760257, 0.001195924222999174, 0.0006589307909554941, 0.0007281277615231872, 0.00026516154968313953, 0.006158664285268588, 0.013696293871894293, 0.01295704098155974, 0.008440525635155075, 4.8057259490700884e-17, 0.013480557466420219, 0.004819237001693186, 6.652683172814309e-17, 0.0010838712369219058, 2.762046794258012e-16, 0.0007101816351405545, 2.00590282047042e-16, 0.00206854794339149, 0.0010012790882799223, 5.279644965829793e-05, 0.0004586351657943047, 0.00015488232328394005, 0.00011089413152372197, 0.0010012790882794943, 5.2796449651378334e-05, 0.00045863516579396644, 0.00015488232328446437, 0.00011089413152338466, 2.849911604394023e-05, 0.002884236724435465, 0.00730025318260592, 0.005144938333800003, 0.002148741483581851, 2.977821537210075e-17, 0.005093256712555776, 0.0012824863574693191, 2.6184782943702533e-15, 0.0005169473868834361, 2.0890611843810933e-16, 0.000594218992972079, 2.2033100573726956e-17, 0.0010887591620157041, 0.0016973277811001813, 0.0008630615413816418, 0.0002212845962472976, 3.4728874066403874e-05, 2.0812557491287445e-05, 0.0016973277811000963, 0.0008630615413756414, 0.0002212845962472382, 3.472887406608832e-05, 2.081255749105022e-05, 0.004213347199221812, 0.006894092296374388, 0.00019516636973165857, 0.0001968356337607169, 8.166125887578742e-17], [0.1883579017732147, 0.0788392295806601, 0.014418872689038676, 0.001056137193718068, 7.409779337183543e-16, 0.0008672317086599134, 0.011668111816730425, 0.005840471207377137, 0.015871762438421484, 0.3685104007201146, 4.216971113686754e-15, 0.004728224991539205, 0.1587899586717337, 2.3436122255443994e-14, 0.004558881675750098, 5.908979855960385e-16, 0.022239737185053732, 1.3957919814983823e-15, 0.012386874789329747, 0.19549252261813008, 0.08620667586347418, 0.001023034572450422, 0.0005269873264702277, 0.014426472063858513, 0.195492522618129, 0.08620667586344756, 0.0010230345724510776, 0.0005269873264717564, 0.014426472063857632, 0.003747659030798883, 0.0802480721429611, 0.0626171994067248, 0.16280768041319435, 0.09912652126593746, 5.2676132034298124e-15, 0.07378974780162884, 0.05836744804102407, 5.544723459186131e-14, 0.0035034341088318152, 3.3140644751602362e-15, 0.01002642558965815, 4.919951109609349e-16, 0.01742141285585077, 0.02771886769132586, 0.037224577004858955, 0.003555761334397628, 0.0029829342729622856, 0.0006045193604092441, 0.027718867691342044, 0.03722457700495093, 0.003555761334397668, 0.0029829342729563568, 0.0006045193604047504, 0.0005934874686957544, 0.009288994398794534, 0.030165694409774214, 0.005087354934882918, 0.009325448017919461, 2.07199773009835e-15, 0.025894486285935533, 0.006103976666434652, 1.4587641289355527e-14, 0.0030555012323738515, 2.335979053344902e-15, 0.00034120275735290676, 1.0452456317852271e-15, 0.006980893618794637, 0.002319274669314063, 0.004365598213162944, 0.000264776322092683, 4.428436853378093e-05, 0.0010151277448004262, 0.0023192746693185733, 0.00436559821316745, 0.0002647763220930614, 4.4284368535121574e-05, 0.0010151277447983356, 0.0008809136394311849, 0.00967658632394313, 0.009252249985057805, 0.013103033762958731, 0.003913117872148666, 1.0396771015610657e-15, 0.0061907559157935695, 0.01162969703710274, 1.7148027396877632e-14, 0.001434547846769859, 3.4235552479286453e-16, 0.0015088082752912435, 2.9847188311609005e-17, 0.0006484172565011965, 0.007140349326453404, 0.003937163792254141, 0.0003744979904060268, 0.0005050753847387387, 0.0006634983889424372, 0.00714034932645018, 0.003937163792239254, 0.0003744979904062727, 0.0005050753847376804, 0.0006634983889423535, 6.76264324916767e-07, 0.004607495801090051, 0.0033650103163736893, 0.00893611580591137, 0.005253599116002084, 5.591511650940847e-16, 0.011180396398106258, 0.0025225591335983778, 1.2155533697400443e-14, 0.0005827123887059609, 1.3080036800858154e-16, 8.478268911178728e-05, 4.988144219016337e-16, 0.00035259353047804724, 0.00041112998728090166, 0.0019444073595859047, 2.48439612088743e-05, 0.0002809140047000664, 8.22713890564135e-05, 0.0004111299872823106, 0.0019444073596026376, 2.4843961208686205e-05, 0.00028091400469933657, 8.227138905661338e-05, 0.0003450921690752021, 0.0014843686608177118, 0.006726939660838287, 0.0021487415078530435, 0.0009206738385810482, 6.308121326330712e-16, 0.0020190070427711774, 0.0019477709979662378, 3.389411033327467e-15, 8.760343954885018e-06, 3.084112039709651e-16, 0.00028129775123504917, 2.55938836016054e-16, 0.0006185489102453093, 0.0008867368964730375, 0.00011815101099580695, 0.00012076597969145841, 2.4982401396797076e-06, 2.437249502736372e-05, 0.000886736896474169, 0.00011815101099851125, 0.00012076597969157678, 2.498240139556178e-06, 2.437249502713816e-05, 0.0016881963942152406, 0.002911934967908283, 8.950139288932187e-05, 0.00012763296902120797, 1.133086134725965e-16], [7.358247791795947e-15, 5.431653876657821e-15, 1.0522379823934557e-15, 1.2831579411184603e-15, 0.011107854215047945, 2.021456856760455e-14, 3.665979944090949e-14, 2.2642603897230547e-13, 4.723567494541128e-16, 4.216971113686754e-15, 0.3590569793593336, 7.01560667890066e-14, 9.697043081436113e-15, 0.16334051500276514, 3.2179744051647403e-15, 0.02396495912838113, 1.016388085487169e-15, 0.0012767640473756018, 1.2084214858348929e-15, 0.27341241587685006, 0.11814750127060367, 0.0009495863766475584, 0.014761637069596668, 0.008868538453802678, 0.27341241587689713, 0.11814750127066051, 0.0009495863766505913, 0.014761637069598897, 0.008868538453812084, 5.011428503134964e-15, 8.669544690150544e-15, 6.790682455462667e-14, 2.1668331770908206e-15, 1.5667262214755081e-15, 0.009262033100162145, 1.185887988139313e-13, 6.377941838973406e-15, 0.0014673501766876013, 9.414018882422133e-15, 0.014347410679399937, 7.64616790245074e-16, 0.014854974308226758, 2.892933999041575e-16, 0.01962307678334262, 0.03767769395103882, 0.0006214458192417284, 0.0001559646433198519, 0.0015122344113070072, 0.019623076783345902, 0.03767769395107922, 0.0006214458192486963, 0.0001559646433166199, 0.0015122344113052426, 1.1174080101266448e-15, 1.1480772895568367e-15, 3.30791652901543e-14, 2.3580056782907426e-15, 8.560967134968777e-16, 0.023704097822273416, 1.2921702417612117e-13, 1.4510186016406395e-14, 0.02130782733626585, 7.751641921557056e-15, 0.00036367751667906213, 2.952987547889561e-16, 0.0011864422411395066, 4.2169960693267914e-16, 0.013624345023678321, 0.0005761280871342922, 0.0013761007792802732, 0.0009507136073857846, 0.0004148548353925407, 0.01362434502367753, 0.0005761280871266442, 0.001376100779270791, 0.0009507136073851341, 0.0004148548353931369, 4.976610227456109e-15, 8.260055773767428e-15, 7.841769910172465e-14, 6.381162804840023e-16, 1.5704824513939103e-15, 0.005132979697896549, 9.914980186592118e-14, 2.3000102728305768e-14, 0.0019566074806893607, 6.113141070570716e-15, 0.0008931530534303416, 1.6694524101763328e-15, 0.0011648239255620317, 1.958895464999173e-15, 0.006303540970822164, 0.006048359095051131, 0.000308560766553395, 0.0003004126310817408, 0.00010976702608236552, 0.006303540970814739, 0.006048359095067283, 0.00030856076655816307, 0.0003004126310816042, 0.00010976702608335865, 2.063862915976657e-15, 3.795313881966447e-15, 1.1041310476681089e-14, 4.3709405098903054e-16, 1.3839717155946877e-15, 0.0013816478780342284, 6.142306613132278e-14, 1.0887612638033747e-14, 0.004523935305617108, 2.937901398127645e-15, 0.0003384947644219788, 1.0280157505139573e-15, 0.0002257027716653812, 1.1228904494142683e-15, 8.513376976965381e-05, 0.0036934068112759707, 0.00012554439352648796, 3.815645543106028e-05, 1.768082462531112e-05, 8.513376977420889e-05, 0.003693406811275726, 0.000125544393529721, 3.815645543001274e-05, 1.7680824624809372e-05, 3.78635620284817e-15, 6.721730898824234e-15, 5.87693474530653e-14, 5.518081770151096e-16, 7.708671514176751e-16, 0.0010443975252951501, 3.661032367123653e-14, 8.94306520739072e-15, 0.0016664816106788036, 1.1518396557917153e-15, 5.0272826416485235e-05, 9.804717402897463e-16, 5.3306394492880996e-05, 1.171126379725882e-15, 0.0008080546364336097, 0.00022937921097307044, 6.45903977535538e-05, 5.0762975349580235e-05, 4.046609196907986e-05, 0.0008080546364393829, 0.00022937921097401803, 6.459039775261198e-05, 5.0762975349559066e-05, 4.046609196933393e-05, 6.904350257676548e-16, 1.3657026916375794e-14, 3.5529083742452075e-16, 1.2329089033565017e-16, 1.5186287384860199e-05], [0.14125219978745193, 0.06317427990563286, 0.0057865055419542896, 0.007097657717367991, 1.499009535209004e-15, 0.0012619333434460388, 0.011266564277860954, 0.00414938037506693, 0.1754855391603163, 0.004728224991539205, 7.01560667890066e-14, 0.08380701196686392, 0.0021310698120656476, 3.55200220543422e-14, 0.013140241330495666, 5.808925141838933e-15, 0.00046979514821871157, 8.230187306017924e-15, 0.0006863410865382423, 0.008547115434428286, 0.0011443569349939464, 0.005012432741413864, 0.0009245632440810686, 0.001027691457825355, 0.008547115434499535, 0.0011443569349795881, 0.005012432741414757, 0.0009245632440866525, 0.0010276914578303804, 0.0006525320313291313, 0.03484820286980681, 0.018079034327484617, 0.11052434486191046, 0.04511778088136924, 2.0553081884009317e-13, 0.04974130889131827, 0.01847477163827487, 6.616918109713244e-14, 0.010384315909869015, 1.4050539781431077e-14, 0.0018316261081320995, 5.593096292384658e-15, 0.0023287129065699018, 0.004151010862371843, 0.004986218404394434, 0.003258021420784033, 0.001097357547008099, 5.119458441413149e-05, 0.004151010862693555, 0.004986218404583196, 0.0032580214207