#/usr/bin/env python
"""
This file was generated automatically.
"""
from matplotlib import pyplot
pyplot.figure(figsize=[12, 4.8])
pyplot.subplot(121)
pyplot.imshow([[0.3893561162673967, 0.15229321197111248, 0.023483934552722307, 0.015588375922815013, 1.0622681580504097e-15, 0.010621987550317206, 0.13439443173267715, 0.05290435581736116, 0.2825590887435169, 0.1883579017735119, 2.1149293159294564e-15, 0.14125219978768197, 0.07623009030821039, 1.8876030275287615e-14, 0.01912384248550585, 1.0630286566744226e-15, 0.010970640633117376, 6.795814271854327e-16, 0.007506986205717898, 0.03362267746215798, 0.03626885262081471, 0.008758108172771947, 0.006292561590650605, 0.0002855403153547959, 0.03362267746216651, 0.0362688526208552, 0.008758108172772023, 0.006292561590648456, 0.00028554031535253893, 0.001570195837188277, 0.022681542164233848, 0.011155343602378331, 0.04357867942466004, 0.004566318086655828, 3.2593531461503547e-15, 0.016146916937946617, 0.017557055624650708, 1.4009739743969545e-14, 0.007817140114841602, 4.54905324665143e-16, 0.00618166529370969, 2.7819284139678125e-16, 0.016508833626915815, 0.026806583824355162, 0.018072301187527787, 0.0024806728052914374, 0.0007830369763063328, 0.0008030888130137509, 0.026806583824349653, 0.018072301187503276, 0.0024806728052919028, 0.000783036976305276, 0.0008030888130138271, 0.0003163861392306039, 0.026719020239577944, 0.03595703494362675, 0.04388595720444045, 0.011394896721347718, 2.0541189468311486e-15, 0.02585400910374308, 0.005486328897865401, 2.682152446937375e-16, 0.0029927417536994485, 7.01096294539067e-16, 0.0026026661425047194, 3.962756491168909e-16, 0.0020190723735194725, 0.009015613107662386, 0.0014669702169090837, 0.0016403709960852303, 0.0007852952432348947, 0.0008665560582158555, 0.00901561310765758, 0.0014669702169161313, 0.0016403709960856419, 0.0007852952432350391, 0.0008665560582163812, 0.00011115771706936815, 0.007578204678330553, 0.014407646519143225, 0.01657568176606658, 0.010165912833388064, 4.0958350653035614e-16, 0.006455169549691463, 0.009817111166562727, 5.060820535834373e-15, 0.0011772360228182333, 6.618307194994329e-16, 0.0007491703631435592, 5.838981076086789e-17, 0.0025807900501152977, 0.0008834386975723749, 5.453727386625011e-05, 0.0008263551014256031, 2.2733581234958086e-05, 0.00012187729542658237, 0.0008834386975717196, 5.453727388030245e-05, 0.0008263551014256669, 2.2733581235661666e-05, 0.00012187729542595595, 0.0001893106839571716, 0.002737996525281186, 0.014431219761474257, 0.00638639633177808, 0.0020444870495883866, 1.0558599657809387e-15, 0.004592346481584873, 0.005416707734244154, 1.4781780293129844e-15, 0.0007555265692938806, 3.9135355651380036e-17, 0.0005926385813516924, 1.1281808792080264e-16, 0.0011957435719469039, 0.001928973248115921, 0.0019339317168391215, 0.00037260329514302503, 3.650234071330934e-05, 0.00010563724171891434, 0.0019289732481181055, 0.0019339317168342567, 0.0003726032951428069, 3.65023407134627e-05, 0.00010563724171880897, 1.0843843489516045e-05, 0.00226435218764969, 0.00862713583178441, 0.004213347100529438, 0.0016881963253614352, 8.917933328289095e-16, 0.0042390515218624775, 0.003464963873640753, 1.0917072432386298e-15, 0.0005223612396603704, 1.7990416969423324e-16, 0.00030817643114303855, 5.934158888977541e-18, 0.0005835260177812179, 0.0008221919927713164, 0.0008460360509539742, 0.00016423513925575535, 1.830632354884792e-05, 5.227896330301624e-05, 0.000822191992769861, 0.0008460360509482449, 0.00016423513925566255, 1.8306323548496857e-05, 5.2278963302620346e-05, 0.0026985499542528726, 0.0045734469765914484, 0.00012393461207630156, 7.363186627706549e-05, 5.946891581545689e-17], [0.15229321197111248, 0.06886513959501556, 0.007753992910568249, 0.0050720460798260245, 7.080023380946841e-16, 3.663677530259604e-05, 0.013655241938130596, 0.0008340146703441336, 0.12890750942359677, 0.07883922958311959, 5.970774258144514e-15, 0.06317427990793209, 0.03454931540739095, 7.911231917041067e-15, 0.009686767188085817, 1.3533844433496987e-16, 0.00486417153546976, 4.066864590421983e-16, 0.004594392262414397, 0.03723219814254882, 0.020131411752777856, 0.004085810106095852, 0.0009391755037178972, 0.0022952373927305524, 0.03723219814256024, 0.020131411752803276, 0.004085810106095873, 0.0009391755037162809, 0.002295237392731913, 4.4786395874217116e-05, 0.013050089181758224, 0.0008341081941329901, 0.05947449422821362, 0.012756228381517234, 2.6806222489704463e-15, 0.026729090996679795, 0.010541851676438327, 6.970714295890504e-15, 0.008239551822118673, 2.8859678405682053e-16, 0.0025795663443037354, 4.513068951785649e-16, 0.006514233190819583, 0.01905443685140572, 0.010657102341549781, 0.0019444405690069535, 0.0004317098281759814, 0.001088449392139924, 0.019054436851401457, 0.010657102341535319, 0.0019444405690071816, 0.0004317098281753074, 0.0010884493921398909, 0.0002558738135738052, 0.024673402054775233, 0.028694573284823548, 0.05139958547415255, 0.01104837112316425, 2.5060640305465217e-15, 0.02618051175236294, 0.007389759426256965, 8.032609294181864e-16, 0.0037324648027869294, 5.796007288476233e-17, 0.0006998161695375328, 4.607188698636397e-16, 0.0010787670730970902, 0.007531677941016086, 0.0006551645555649332, 0.0016269078323829019, 0.0008404849362847815, 0.0009328686805704665, 0.007531677941019907, 0.0006551645555735986, 0.0016269078323831044, 0.0008404849362852706, 0.0009328686805709358, 0.0004658356412318149, 0.005640553134374421, 0.012171208407360032, 0.02057690090754684, 0.011395906929596265, 5.519808118673416e-15, 0.015380550212348895, 0.007836403768582417, 2.00839350814913e-15, 0.001849649760939382, 1.817343720760275e-16, 0.0002614107431932797, 9.729669058328277e-17, 0.0018134401149895022, 0.0013735365794137018, 2.4454282734015812e-05, 0.0007515728948690632, 0.00014900035340459337, 0.00016908644325408962, 0.0013735365794043668, 2.445428271815979e-05, 0.0007515728948691385, 0.00014900035340561824, 0.00016908644325345042, 5.3807151122478784e-05, 0.004401284435290878, 0.008460410224083564, 0.009635782218217023, 0.0012412613341591886, 1.520623327912887e-15, 0.006999329036589921, 0.00154246080913884, 1.627733069162357e-16, 0.0010614243221480184, 2.589419693006003e-16, 0.000548620383888247, 4.128023634196028e-16, 0.0011770960764682838, 0.002998288077430561, 0.001912705518795911, 0.0003882322564760254, 0.00011991377575830813, 0.00020719527782413105, 0.0029982880774339924, 0.0019127055187961616, 0.00038823225647595275, 0.00011991377575834773, 0.00020719527782410663, 0.00014068620523723666, 0.0010500074218115808, 0.005662114761221655, 0.0068940921767265545, 0.0029119348577755755, 2.901635741044683e-15, 0.005770478857027278, 0.0020412321596637705, 3.30279418020832e-16, 0.0005687146589336473, 1.1166293443675449e-16, 0.00022291597786956838, 2.943195268618016e-17, 0.00046528397539267585, 0.0005132854716879418, 1.393162402961402e-05, 0.00021977472384355655, 1.0625484767287673e-05, 7.968124579200482e-05, 0.000513285471692224, 1.3931624024182167e-05, 0.00021977472384352424, 1.0625484766807182e-05, 7.96812457924392e-05, 0.004573446973799487, 0.004126732802627049, 1.4418564556721992e-05, 0.00024749312649584277, 1.1139114315023092e-16], [0.023483934552722307, 0.007753992910568249, 0.0017606815890395724, 0.0009844910263861369, 8.08936698283842e-17, 0.0018844057680580493, 0.015844725153450118, 0.007265946896528837, 0.010051705322981398, 0.01441887268928305, 9.54821695297514e-16, 0.005786505542256189, 0.005499509553318743, 4.666530743280821e-16, 0.0005339405013976481, 6.75938331257077e-17, 0.0008772961430020353, 5.707257336160327e-17, 0.0005136661373661369, 0.0002777228377642207, 0.0023150633643015265, 0.00033927348852472226, 0.0006734600567636523, 0.00032695811588832684, 0.0002777228377622272, 0.0023150633643041424, 0.0003392734885247494, 0.0006734600567634959, 0.0003269581158881809, 0.00034056776311673116, 0.0019297610201620724, 0.0036990853536332975, 0.006209918904823964, 0.004200184082461358, 1.2432078673367087e-15, 0.003256537217000294, 0.003251182187230515, 1.9661202929559909e-16, 0.0004488899134067992, 2.3916178827154703e-16, 0.000769593024381963, 8.112039779904008e-18, 0.0012213792127390073, 0.0020612949507424574, 0.0017122479601917558, 5.595212211878928e-05, 5.0990546185940285e-05, 2.2144252137523798e-06, 0.0020612949507399984, 0.0017122479601893402, 5.5952122118760575e-05, 5.099054618608249e-05, 2.2144252137388946e-06, 8.269088559143445e-05, 0.0009075787412594976, 0.0005571745101480946, 0.0004886636717317504, 0.0003166683872981871, 1.7499434897106203e-15, 0.0004636655309415963, 0.000146361088867151, 3.812693295366047e-16, 0.00015786358724013746, 2.7812477868809586e-16, 6.956891291529431e-05, 8.66674516182527e-18, 0.00023596776899488157, 6.227124099255936e-05, 0.00032774855778623305, 1.9542251991038913e-05, 1.5900629329223012e-05, 1.836705105731877e-05, 6.227124098924054e-05, 0.0003277485577882672, 1.954225199102776e-05, 1.5900629329054977e-05, 1.8367051057264494e-05, 5.7370119328594424e-05, 0.00034739318606291674, 0.0005350004194800083, 0.0010799311004062034, 0.0001706302744483477, 1.6095528116231468e-15, 0.0015497499585237844, 0.00018239913557720452, 5.248155646160158e-16, 0.00012096695290346828, 2.5406094625049576e-16, 1.8573562449719527e-05, 4.2755006383661e-17, 8.440800125179059e-05, 4.049476768665105e-05, 0.0001144279101092396, 5.910790771502129e-06, 3.247051681260059e-05, 2.884078658980714e-05, 4.049476768957632e-05, 0.00011442791011094537, 5.91079077152407e-06, 3.247051681273245e-05, 2.884078658984533e-05, 1.390089614101117e-05, 7.251877105575184e-05, 0.000573822665796875, 0.0005002582058589566, 0.0003275332582064774, 5.819906840226833e-16, 0.0004528853141475774, 0.00022470113480900234, 4.6987087290120383e-17, 4.054725341557652e-05, 1.2064323919033928e-16, 7.966394446086643e-06, 6.679929640120276e-17, 2.749420473882888e-05, 0.00013697890293854962, 0.00012139528458429702, 5.799575683627237e-06, 1.1899732473295033e-05, 1.615554887780263e-05, 0.00013697890293738087, 0.00012139528458301908, 5.799575683659248e-06, 1.189973247336662e-05, 1.615554887778122e-05, 4.1913013170409854e-07, 3.4305194483414824e-05, 0.00016963233163677318, 0.00019516636555785838, 8.950139140510009e-05, 2.2399098990188403e-16, 0.00016719981349233083, 0.00020676986464076492, 2.132831717754004e-16, 9.40293364977532e-06, 2.824018481855117e-17, 1.2554165899047953e-06, 2.251247326479778e-17, 1.0591430194227931e-05, 6.549821919203224e-07, 3.5238944106732385e-05, 4.7049448959158116e-06, 5.168164702622636e-06, 3.2750105188532512e-06, 6.549821921185146e-07, 3.5238944106556975e-05, 4.704944895934128e-06, 5.168164702606744e-06, 3.2750105188667665e-06, 0.00012393461304092794, 1.4418566599864991e-05, 4.1261971463428645e-07, 9.744903195786045e-06, 2.573358710597722e-18], [0.015588375922815013, 0.0050720460798260245, 0.0009844910263861369, 0.0009786961453417853, 1.0541971122956665e-17, 0.0015305277294343014, 0.010563469414983762, 0.004660327405836754, 0.0140902839602067, 0.001056137193796209, 3.0929327389625604e-16, 0.0070976577174271934, 0.0009803569559819502, 2.4672304717630645e-16, 0.0009302284658214077, 1.1862057738947853e-16, 9.59266192551328e-05, 2.833261267179268e-17, 0.00012407932362404938, 0.006165397432838954, 0.001149132128783621, 0.00038603011332651515, 0.0004660097202199764, 0.0006626503923766656, 0.006165397432839492, 0.0011491321287838505, 0.0003860301133265042, 0.0004660097202200013, 0.0006626503923766479, 0.00018754082386933127, 0.002283109651741578, 0.0002928871853838925, 0.003260497229226953, 0.004316144947069429, 1.1108813653849345e-15, 0.0012243455993006954, 0.0014422909583874596, 6.348384032207086e-16, 5.799006031360427e-05, 1.6244484435999032e-16, 1.3767004830553508e-05, 2.540633558632671e-17, 0.00032729788126748265, 0.00101518328953086, 0.0006991289478909252, 0.00015332586388988817, 8.069755469212148e-05, 8.872303085111142e-05, 0.001015183289528809, 0.0006991289478902511, 0.0001533258638898912, 8.069755469220728e-05, 8.872303085107871e-05, 4.626432652283276e-05, 0.00037686660852718655, 0.00042910753182209414, 1.0724111831702035e-05, 0.000165700914825043, 1.2174642378452261e-15, 0.0009764091820234054, 0.0005820009368786464, 3.425988243346706e-16, 9.99808606801283e-05, 1.5948859073469344e-16, 0.0001797416457120229, 1.2012562102785801e-17, 0.00032027362097225456, 0.00021496789224112153, 0.0003449735166840198, 2.001232975641297e-05, 1.5736066688129824e-05, 3.087285949230355e-05, 0.00021496789224331508, 0.000344973516685665, 2.0012329756419352e-05, 1.573606668800721e-05, 3.087285949224819e-05, 2.9094224837490585e-05, 0.0005297588355705833, 0.00010663109060263144, 0.0006863667707332479, 0.00027984388749693943, 5.486248171252915e-16, 0.0003379008813245415, 0.00012890063264748853, 8.852698153055782e-18, 3.613249547799644e-05, 1.0987050358642871e-16, 5.164409589624919e-05, 4.104608620910068e-17, 5.127009919278991e-05, 0.00014204996734768155, 1.791362888577572e-05, 3.5665283879209004e-05, 3.573471123041942e-06, 8.031270387346657e-06, 0.0001420499673488025, 1.791362888450689e-05, 3.566528387922853e-05, 3.573471123107426e-06, 8.031270387370335e-06, 1.508043806807333e-05, 6.594830780478375e-05, 0.0004901664406847339, 0.00031939477711084505, 0.00012030093609375584, 2.022325393872872e-16, 0.00036967593376976667, 0.0002250674536236196, 3.0216275852062426e-17, 3.222959633570032e-05, 5.137297140042484e-17, 1.747771089168989e-05, 2.2097805493857703e-17, 4.6939158949002885e-05, 3.845501669817375e-05, 1.7083786895216995e-05, 1.0670867354599254e-05, 6.705952223619746e-06, 8.717877140371407e-06, 3.8455016697714755e-05, 1.708378689549462e-05, 1.0670867354613267e-05, 6.705952223604645e-06, 8.717877140369443e-06, 2.898019916854473e-05, 0.00017131181995543021, 0.0001226372699737341, 0.00019683563280799808, 0.00012763296773109207, 2.919503698282306e-17, 5.479197861649665e-06, 0.00015480895816749702, 1.536375348515921e-17, 2.6364897436663063e-05, 2.094776580795632e-17, 1.0587542635265618e-05, 3.8391275716025504e-18, 2.8270422050606485e-05, 4.149490942981362e-05, 3.4096843501399594e-05, 9.66464477029314e-06, 4.345252162835314e-07, 3.0524992851428765e-06, 4.1494909429801966e-05, 3.409684350128922e-05, 9.66464477029844e-06, 4.3452521627155603e-07, 3.052499285127081e-06, 7.36318694366943e-05, 0.00024749313066933483, 9.744903190302984e-06, 2.3797970761662044e-06, 1.6774964952121525e-18], [1.0622681580504097e-15, 7.080023380946841e-16, 8.08936698283842e-17, 1.0541971122956665e-17, 0.0003447853526511966, 4.530316568220789e-16, 1.3326248403251103e-16, 2.5112588542174842e-15, 5.877103414756816e-16, 1.3401068703405335e-15, 0.011107854214985335, 9.920618854266478e-16, 1.9326277580325106e-16, 0.005058446616340228, 8.516179704430557e-17, 0.0007697748626261808, 4.354420267788591e-17, 1.7878769998509514e-05, 3.5957510725504535e-17, 0.008511429509679602, 0.0037347708198932263, 3.189413041733646e-05, 0.00045689838859867176, 0.0002722437205879677, 0.008511429509681244, 0.0037347708198940646, 3.189413041734954e-05, 0.0004568983885986573, 0.0002722437205881574, 1.5128915542089984e-16, 2.3227507947066846e-16, 2.2937699853625248e-15, 2.991892832963525e-18, 2.392612104038424e-16, 0.000307367044821337, 1.1300252188495722e-15, 7.235457460331925e-16, 0.00031034389860583615, 8.675772113669981e-18, 0.0004940777688668272, 4.633503545004755e-17, 0.0004526264804580021, 8.300207639286476e-17, 0.0010817213837223294, 0.0013974709697438263, 1.8705587436279228e-05, 2.062647059444149e-05, 3.303697490291081e-05, 0.0010817213837218706, 0.0013974709697433447, 1.870558743621268e-05, 2.0626470594407052e-05, 3.303697490292676e-05, 7.490465377083721e-16, 6.500162324135774e-16, 1.2355178630753996e-16, 1.5347695107261677e-16, 2.9537505312175564e-16, 0.0005437187893423598, 7.9774344039174e-18, 1.4180372276078603e-16, 0.0005711335474845174, 1.7106767161217277e-17, 4.6230033017993744e-05, 1.348868653229252e-17, 9.783323775809221e-06, 1.6752373973501084e-17, 0.00023600613245150024, 0.00014339546209407957, 4.492501627149324e-05, 2.097784821088115e-05, 1.0139048722489e-05, 0.00023600613245249234, 0.00014339546209370878, 4.492501627149296e-05, 2.0977848210930095e-05, 1.01390487225926e-05, 1.205230657821777e-16, 1.0346753635526815e-16, 1.4313360658960557e-16, 6.518872158152369e-17, 1.5880811077442774e-16, 0.0002803032664448601, 3.720593820383014e-16, 2.1106182556644597e-16, 0.0001302680291004053, 4.4690853527032236e-17, 2.8683736391264423e-05, 6.741289220886369e-18, 2.615677814177836e-05, 6.049620837166875e-18, 0.0002744886593327746, 0.00020487543420376564, 1.2802745977247134e-05, 1.4305796154911784e-05, 6.522704002870282e-06, 0.0002744886593324965, 0.000204875434203585, 1.2802745977235935e-05, 1.4305796154888985e-05, 6.5227040028458905e-06, 1.768624980134811e-17, 1.6414611258997343e-16, 1.9226049232708386e-16, 5.0223367070094315e-17, 1.1621132810558081e-17, 7.308958959905895e-05, 2.3890617272727588e-17, 8.305999382125673e-17, 8.393399149985554e-05, 3.3760307052891677e-18, 2.281116972011304e-05, 3.7684475499808355e-18, 1.1776351908351415e-05, 2.1542987012786027e-18, 0.00010162353640822632, 0.00017137105927267886, 2.9137761635348988e-06, 6.3498542051388446e-06, 1.8300007089834701e-06, 0.00010162353640807803, 0.00017137105927265793, 2.9137761635307915e-06, 6.349854205126739e-06, 1.8300007089638346e-06, 2.7190972149181823e-16, 1.2337978155523389e-16, 1.0730648752346996e-16, 3.509823031715035e-17, 4.194271962944636e-17, 1.518628792803226e-05, 1.7957215257999186e-17, 3.271844223836661e-17, 4.94099390340784e-05, 1.7519576668470192e-17, 8.732806366049193e-06, 2.016860920387878e-18, 2.5417743041328977e-06, 1.480762331067822e-19, 6.506587685684855e-07, 3.6191520134261975e-05, 2.7353404142223688e-06, 6.579940486642906e-07, 1.1148194373112573e-06, 6.506587687411051e-07, 3.619152013432811e-05, 2.735340414221719e-06, 6.579940486561014e-07, 1.114819437297729e-06, 1.4630822034057805e-17, 2.063748169033873e-17, 8.296199908293358e-18, 9.322334643882648e-18, 5.25306660569184e-07], [0.010621987550317206, 3.663677530259604e-05, 0.0018844057680580493, 0.0015305277294343014, 4.530316568220789e-16, 2.012420938505875, 0.00795786365864728, 0.031808095886865055, 0.001676679377152119, 0.0008672317085936193, 4.966137531979855e-15, 0.0012619333439584494, 0.0008043537545663705, 1.0915504120224586e-15, 0.0003598475165590125, 6.426241037450718e-16, 0.00024552262965048954, 7.577890977241597e-17, 0.00015635213372233264, 0.010297685178525032, 0.001091207801211003, 0.0002474169139040266, 0.0013485236526123764, 0.0019836723531705632, 0.010297685178533463, 0.0010912078012050653, 0.0002474169139042628, 0.001348523652612721, 0.0019836723531708052, 0.00013538428822974658, 0.0039587975758585015, 0.0009818636580890857, 0.0053245186166286755, 0.0023099893383453423, 4.656177873352386e-15, 0.0007028149573345425, 0.0007194371235293248, 8.506185596870331e-16, 0.0010149900093843925, 7.997623245749676e-16, 0.0007618690591597856, 1.0705499320404154e-16, 0.00037296413676058906, 0.0009473557130311583, 0.00025569579470251133, 6.239647224837971e-05, 5.134169748313574e-05, 0.00013847560213109704, 0.0009473557130222098, 0.0002556957947095586, 6.239647224831007e-05, 5.134169748364369e-05, 0.00013847560213093657, 0.00042004513750049896, 0.0002594181343399952, 0.002697743034899561, 0.000136708059985491, 0.0007232326366915506, 4.590765943375453e-15, 0.004221694754753357, 0.00014432833543901518, 1.574780914984367e-15, 0.00011416381533377582, 8.035116104863314e-16, 0.00014414220192114207, 4.185000854573483e-17, 3.648945441063325e-05, 0.00030444306446788003, 0.00042990495348275325, 0.00011136272880568697, 0.00010673466055497739, 4.3185121721683435e-06, 0.00030444306447661193, 0.0004299049534882543, 0.00011136272880569529, 0.00010673466055460564, 4.318512172098889e-06, 0.000264424857054342, 0.0008635870216459924, 0.0015403881544206644, 0.000190342080742044, 0.0009122600319615745, 3.802630790181462e-15, 0.00035922040671789357, 0.0009231248410702176, 1.649373949299155e-15, 3.129528658759635e-05, 5.748405695481268e-16, 5.840938344178271e-05, 1.6600319581607915e-16, 9.078678189291315e-05, 0.000963014790227744, 0.0004603374663317557, 3.369842388363077e-05, 4.666924683763918e-05, 8.494590639254923e-05, 0.0009630147902209802, 0.0004603374663280743, 3.369842388356671e-05, 4.666924683732959e-05, 8.494590639243491e-05, 5.869908929457302e-05, 0.0001228356535868383, 0.0005635834766420301, 0.000284266402188349, 0.00036209564592912404, 4.9205338921116297e-17, 0.0015449455878340595, 0.00045549107547912255, 8.330793930100495e-17, 5.699295300904747e-05, 2.239825124644873e-16, 3.557292477222959e-05, 1.3562594025444094e-16, 9.144250112894011e-05, 0.00030337276484079144, 0.00010808262442719318, 3.25502725377963e-05, 4.0863509898786204e-05, 1.862964889495514e-05, 0.0003033727648415979, 0.000108082624428168, 3.2550272537867564e-05, 4.086350989878742e-05, 1.862964889492391e-05, 0.00012763071462059037, 0.0005525941641718459, 0.0011632645160817552, 2.8499114992940218e-05, 0.0003450921734843144, 1.5926659136704166e-16, 0.00047117042788160225, 0.0005898832608289592, 6.101664582626241e-17, 1.0537482528027008e-05, 3.381466332037241e-17, 3.6385360102962035e-05, 1.9770404371348523e-17, 5.087861696818604e-05, 0.0004886310573540798, 5.297899779859481e-05, 4.29354703613187e-06, 2.0507440605103128e-05, 3.1076742272052144e-05, 0.0004886310573542419, 5.2978997798638005e-05, 4.293547036182907e-06, 2.0507440605133177e-05, 3.1076742272068346e-05, 1.0843839644175346e-05, 0.00014068620952028277, 4.1913058576313817e-07, 2.8980199421801152e-05, 8.425502031768086e-18], [0.13439443173267715, 0.013655241938130596, 0.015844725153450118, 0.010563469414983762, 1.3326248403251103e-16, 0.00795786365864728, 0.28367143149400925, 0.13693193695331554, 0.021082085334891636, 0.011668111816524045, 7.987923757716272e-15, 0.011266564275343241, 0.0085410433512898, 1.1734116401877178e-14, 0.0030434564551001164, 9.982753171570709e-16, 0.0017216522845625347, 4.4435807944656065e-17, 0.0013901247110294551, 0.13798323765101, 0.015714087741111864, 0.0005408724013239158, 0.01140486541815409, 0.01569545855738737, 0.13798323765099552, 0.015714087741121235, 0.0005408724013238712, 0.011404865418154641, 0.015695458557387645, 0.0075433339826699065, 0.039459972815004754, 0.06230463006935881, 0.12035397407953685, 0.0859799091748752, 7.250684083570981e-15, 0.06192931761644746, 0.05306919044103561, 5.7777273098039545e-15, 0.01764258752659027, 1.3552501040503876e-15, 0.010864230566452361, 1.138028410884518e-16, 0.007430070336400475, 0.02642412511657734, 0.014505413458106155, 0.0019894380563800743, 0.0007800931980392199, 0.00040676954514538247, 0.026424125116563908, 0.01450541345809855, 0.001989438056380242, 0.0007800931980397734, 0.0004067695451453333, 0.0012547191546363524, 0.011643758065683307, 0.03880488457857928, 0.02733768674443403, 0.00952191064147706, 7.176772245310756e-15, 0.013858319521861043, 0.008201326204143877, 4.0531007024391196e-16, 0.004060337901150209, 8.713599277241012e-16, 0.0016690256872585782, 6.52927275743118e-17, 0.006131527518237815, 0.01630748686875222, 0.0117513589462325, 0.0014164590456018549, 0.0005272374069898114, 0.0014695744826700382, 0.01630748686876535, 0.011751358946250078, 0.0014164590456021342, 0.0005272374069909508, 0.0014695744826709464, 0.0013502543582768907, 0.009868230440109777, 0.0324527280379866, 0.023127453601772197, 0.009700141516439553, 6.1497314312547365e-15, 0.03608866986361072, 0.008009541939488345, 6.011044699807071e-16, 0.001971324716649233, 7.604263246887113e-16, 4.213145712403968e-05, 2.843847391985793e-16, 0.0005370883168811685, 0.00020225232436755545, 0.0015015820305209879, 0.00036591619002284217, 0.0005807494162048396, 0.0004628094585797409, 0.00020225232437828737, 0.0015015820305331069, 0.00036591619002301174, 0.0005807494162055793, 0.00046280945858004547, 2.2632745842735313e-05, 0.003149771531033271, 0.0005605238770990811, 0.006658907422754892, 0.004190993574724565, 7.995198995480385e-17, 0.006098739522922352, 0.001118321969951039, 1.7695058363390515e-15, 0.0005600694312432712, 3.3778262816537544e-16, 0.00026546306994448495, 2.495550630884803e-16, 0.0012254159189318825, 0.0005338554549391632, 0.0003470466704534442, 0.0002320456450779958, 0.00017297947761042723, 9.355927313735081e-05, 0.000533855454940878, 0.00034704667045158157, 0.00023204564507797032, 0.00017297947761049474, 9.355927313747984e-05, 0.000552594166850809, 0.0002975961519231327, 0.004259182974497711, 0.002884236725201196, 0.001484368648025927, 1.9444391805377345e-16, 0.005696273588447996, 0.0018556846220972739, 5.189522071203311e-16, 0.00016829835454790264, 1.4895974393749982e-16, 0.00014730006293511616, 3.271078228598126e-17, 0.0002099737379069736, 2.557574258795262e-05, 0.0003377185259740283, 5.834886249225237e-05, 8.272116800632325e-05, 5.771508484004986e-05, 2.5575742587764837e-05, 0.000337718525975294, 5.8348862492272485e-05, 8.272116800621411e-05, 5.771508484021596e-05, 0.0022643522310124373, 0.0010500074678978571, 3.430519529830069e-05, 0.00017131182131425126, 2.178404174911167e-17], [0.05290435581736116, 0.0008340146703441336, 0.007265946896528837, 0.004660327405836754, 2.5112588542174842e-15, 0.031808095886865055, 0.13693193695331554, 0.0720826722504381, 0.02340451542254133, 0.005840471203094276, 6.643753047574412e-14, 0.004149380383604757, 0.0037373024637231706, 2.3616536821690967e-14, 0.0026134741103439876, 9.725771661679448e-15, 0.000357990689324668, 3.2200579253643497e-15, 0.00029785807755637627, 0.06731131122457336, 0.008803027067494518, 0.0007429354337082412, 0.0055140061256509654, 0.007583055315864354, 0.06731131122469439, 0.008803027067578722, 0.0007429354337102626, 0.005514006125657216, 0.007583055315867331, 0.003903169501056308, 0.010675568220713784, 0.02100842964649948, 0.079558461301712, 0.03316499638923246, 9.768056447697603e-14, 0.039845037272888614, 0.02125412603184618, 4.094693667434861e-14, 0.011200704004929712, 1.4981698873469355e-14, 0.00472852435175931, 8.31579341949063e-16, 0.004116991098428228, 0.01343195432129083, 0.007132593249963128, 0.001621300874909528, 0.0001026901572333286, 0.0003986977551848589, 0.013431954321471713, 0.007132593250078924, 0.0016213008749106942, 0.00010269015722467721, 0.0003986977551884253, 0.0008129531396547276, 0.01900093741348872, 0.023647527211251504, 0.045795227198378044, 0.01729382682719641, 9.907453117561215e-14, 0.023577912113955494, 0.002704682862659781, 4.490689448911424e-14, 0.005577676975662964, 1.505856631847371e-14, 0.0016575524254156026, 1.3848346259869847e-15, 0.002959727496615035, 0.02116940773878536, 0.008592400636642308, 0.0014486781550378711, 0.0008475254355372328, 0.00195396834414047, 0.02116940773860266, 0.008592400636533475, 0.0014486781550372431, 0.000847525435528709, 0.0019539683441371367, 0.0005035086770988381, 0.026872052423470776, 0.025811961810895397, 0.03370296257179737, 0.00027074768451406864, 5.791040834455167e-14, 0.02785965049060405, 0.0007378178709657002, 2.8727521967018305e-14, 0.002178684594195573, 9.454139729351452e-15, 0.00035742686189810366, 3.986968065215139e-15, 0.0003501930243200545, 0.014264941150717261, 0.003488654245026797, 0.0008640196457618662, 0.001188364169649433, 0.0016374404030389165, 0.014264941150609453, 0.0034886542449667577, 0.0008640196457606003, 0.0011883641696448172, 0.0016374404030369849, 0.00016328704034727912, 0.0023577146169257534, 0.0010216594279768409, 0.0096992465085175, 0.008117996153433487, 1.1798534209198105e-14, 0.00910472989402578, 0.0021184582353010414, 2.614547195269843e-15, 0.0007059369631447006, 3.3440096357149203e-15, 0.0001726377030970455, 1.2484284953588835e-15, 0.000647652808880132, 0.0027163329489560905, 0.0018119206065961078, 0.0003579778769464497, 0.00017214467090543608, 0.0002838095633346682, 0.002716332948951802, 0.0018119206066051837, 0.000357977876945133, 0.00017214467090656375, 0.00028380956333356864, 0.0011632645058801067, 0.004259183087477731, 0.0038142878957503046, 0.007300253369324329, 0.006726939510313907, 1.3010109427452106e-14, 0.00607549297483506, 0.00491640530030967, 5.9753595923467565e-15, 0.0006412420510169539, 8.681790884148094e-16, 0.0007056956844907142, 8.857189082582116e-16, 0.0008732556977966651, 0.006791616127520035, 0.0026434331294877, 0.0002498547995928323, 0.00017116487571847044, 0.0004914225724703582, 0.0067916161275007785, 0.0026434331294810523, 0.00024985479959204035, 0.00017116487571746175, 0.0004914225724696064, 0.008627135875524295, 0.005662114872721871, 0.00016963232159678373, 0.00012263727451447288, 2.90008066559411e-16], [0.2825590887435169, 0.12890750942359677, 0.010051705322981398, 0.0140902839602067, 5.877103414756816e-16, 0.001676679377152119, 0.021082085334891636, 0.02340451542254133, 0.38977730822605383, 0.015871762438812012, 5.194355032007801e-17, 0.17548553916222337, 0.005052318469129232, 1.448727221564384e-14, 0.02891014876707491, 8.747076970788895e-16, 0.002654038330640221, 7.089839360369148e-16, 0.0016469749088519614, 0.0010527710044338483, 0.004425955867749298, 0.010830961886005169, 0.00025746308736641525, 0.00012847004675359188, 0.0010527710044296607, 0.004425955867718032, 0.01083096188600551, 0.00025746308736490436, 0.00012847004675501988, 0.0056476737753933205, 0.11268590763340179, 0.07408823892912852, 0.22311523379652856, 0.15113621589507012, 3.755975590711132e-15, 0.10119172109822938, 0.06744667309729172, 8.997580289465693e-15, 0.02187990853122216, 1.270320605003887e-16, 0.008130894055219036, 3.7256241582445534e-17, 0.0038039039349863904, 0.018145085167562445, 0.018737405805820503, 0.006340731947114993, 0.0035490578537964762, 9.582723680485482e-06, 0.0181450851675672, 0.018737405805845358, 0.006340731947115775, 0.00354905785379551, 9.58272368000394e-06, 0.00021972713435533374, 0.023844207984199204, 0.043908331771540535, 0.04509438879280764, 0.004248028069850919, 3.0897124038501877e-15, 0.045438668113655024, 0.0030380967222638786, 9.176622215930444e-15, 0.006610134094322792, 1.2251917770616858e-15, 0.005132468317259516, 4.797341894330517e-16, 0.012537113771180487, 0.021357737682355243, 0.01557588977519377, 0.0024302055391505883, 0.0009488988554735584, 0.0011551332208626192, 0.021357737682349495, 0.015575889775209371, 0.0024302055391509864, 0.0009488988554743618, 0.001155133220863546, 4.0679926956104954e-05, 0.020871133305296188, 0.03253887518838891, 0.034878328373008305, 0.01118930657422455, 1.7978331366176552e-15, 0.02865967769578992, 0.007879532036480268, 1.2141464603587301e-14, 0.0026192344735478084, 7.438887995936224e-16, 0.00210764083687776, 6.894201525399767e-17, 0.0023969532803910895, 0.007113238063431005, 0.003663700991203951, 0.001195924223404309, 0.0006589307908778117, 0.0007281277614231741, 0.007113238063427923, 0.003663700991223811, 0.0011959242234044678, 0.0006589307908785924, 0.0007281277614236391, 0.00026516154949927733, 0.006158664287602823, 0.013696293884333664, 0.012957040982367413, 0.008440525634850333, 2.452423752037825e-16, 0.013480557458785361, 0.004819237006255615, 2.8680500995715686e-15, 0.0010838712366092532, 3.847955165920258e-17, 0.0007101816343573844, 1.5242093963184335e-16, 0.0020685479425799785, 0.001001279089850358, 5.279645000549416e-05, 0.00045863516611674426, 0.00015488232327562872, 0.0001108941314839336, 0.001001279089851397, 5.279645000742599e-05, 0.00045863516611646454, 0.0001548823232755789, 0.00011089413148414372, 2.8499115861181786e-05, 0.0028842367247414735, 0.007300253189019584, 0.005144938334577229, 0.002148741483872159, 4.745687777027416e-16, 0.005093256714141119, 0.0012824863682608628, 2.2373934497532057e-16, 0.0005169473872678508, 2.487539231604976e-16, 0.0005942189915404406, 6.510550289389726e-17, 0.0010887591612834405, 0.0016973277816823354, 0.0008630615477367145, 0.000221284596657924, 3.472887431628434e-05, 2.0812558196737574e-05, 0.001697327781681376, 0.0008630615477309509, 0.0002212845966577592, 3.4728874315943304e-05, 2.081255819625131e-05, 0.004213347200334769, 0.006894092303677872, 0.0001951663686027864, 0.00019683563414330538, 6.7810477780654406e-18], [0.1883579017735119, 0.07883922958311959, 0.01441887268928305, 0.001056137193796209, 1.3401068703405335e-15, 0.0008672317085936193, 0.011668111816524045, 0.005840471203094276, 0.015871762438812012, 0.36851040072022523, 6.705663595516828e-16, 0.004728224991769227, 0.15878995866826376, 2.3173287203419607e-14, 0.004558881675779347, 1.1969590104786595e-15, 0.022239737185171277, 3.852204536717397e-16, 0.012386874789615566, 0.19549252261816827, 0.08620667586494488, 0.001023034572428802, 0.0005269873265450658, 0.014426472063879415, 0.1954925226181698, 0.08620667586498548, 0.0010230345724285678, 0.0005269873265425538, 0.014426472063881915, 0.00374765903115262, 0.08024807214211971, 0.06261719941821647, 0.16280768041288943, 0.09912652126611168, 1.9371263525634164e-15, 0.07378974780147207, 0.05836744804941628, 1.474494975143662e-14, 0.0035034341084719217, 1.3296727327497187e-16, 0.010026425589942326, 6.271693384721777e-16, 0.017421412856128506, 0.027718867691648403, 0.03722457700269737, 0.0035557613343930815, 0.0029829342728111647, 0.0006045193606141424, 0.027718867691649003, 0.037224577002693895, 0.0035557613343932108, 0.002982934272811437, 0.0006045193606134277, 0.0005934874687191388, 0.00928899439930401, 0.03016569440852896, 0.005087354935200955, 0.009325448017699228, 1.982778161258417e-15, 0.025894486301093127, 0.006103976662273495, 1.291504640805371e-14, 0.0030555012329938546, 3.79476878258787e-16, 0.00034120275729984526, 3.4501140107760117e-18, 0.006980893618988183, 0.0023192746691010867, 0.004365598212769674, 0.0002647763218698468, 4.428436838842876e-05, 0.0010151277447041764, 0.002319274669102269, 0.004365598212770406, 0.0002647763218695166, 4.4284368388800826e-05, 0.0010151277447045164, 0.0008809136395255651, 0.009676586323586594, 0.009252250001027794, 0.01310303376434991, 0.0039131178731403446, 2.0460446246567473e-15, 0.00619075592277324, 0.0116296970471078, 8.976380177954137e-15, 0.0014345478475854946, 8.15530781071781e-18, 0.0015088082761756465, 1.1237365949359606e-16, 0.0006484172567966316, 0.007140349325494677, 0.00393716379192552, 0.00037449799059094375, 0.0005050753850590443, 0.0006634983888921844, 0.007140349325491664, 0.003937163791929539, 0.00037449799059102425, 0.0005050753850590246, 0.0006634983888918389, 6.762624385313473e-07, 0.004607495804879691, 0.003365010359201198, 0.008936115805725679, 0.005253599115455749, 2.400242423645973e-16, 0.011180396413596125, 0.002522559152181335, 6.07350763198337e-15, 0.0005827123894629723, 9.123014874524242e-17, 8.478269068166785e-05, 1.0519835836716975e-16, 0.0003525935319302451, 0.00041112998706452624, 0.0019444073599700709, 2.4843960655393917e-05, 0.00028091400511691633, 8.227138917383924e-05, 0.00041112998706539046, 0.0019444073599618522, 2.4843960655474188e-05, 0.0002809140051172169, 8.227138917379058e-05, 0.0003450921713483288, 0.0014843686645113967, 0.006726939698556337, 0.002148741508148459, 0.0009206738372797843, 2.0403384264699955e-17, 0.00201900705613704, 0.0019477710127395824, 1.2417167769852978e-15, 8.760342901626518e-06, 6.324813512845712e-17, 0.0002812977522106793, 1.1656293617675594e-16, 0.0006185489103009415, 0.0008867368986421394, 0.00011815101405312267, 0.00012076597985339615, 2.498240012139819e-06, 2.4372495146134573e-05, 0.0008867368986420104, 0.00011815101405217822, 0.00012076597985331733, 2.4982400121353363e-06, 2.4372495146178182e-05, 0.0016881963936528246, 0.0029119349628338137, 8.950139399288683e-05, 0.00012763296927409884, 5.359966143220166e-17], [2.1149293159294564e-15, 5.970774258144514e-15, 9.54821695297514e-16, 3.0929327389625604e-16, 0.011107854214985335, 4.966137531979855e-15, 7.987923757716272e-15, 6.643753047574412e-14, 5.194355032007801e-17, 6.705663595516828e-16, 0.3590569793590413, 2.0656051456017383e-14, 2.3886599168728165e-14, 0.16334051500323035, 1.2367393932711014e-15, 0.02396495912828484, 1.1262935186448754e-15, 0.001276764047317751, 4.928850579476264e-16, 0.27341241587712495, 0.1181475012698253, 0.0009495863766552328, 0.014761637069601204, 0.008868538453828914, 0.27341241587711707, 0.11814750126982874, 0.0009495863766542536, 0.01476163706959986, 0.008868538453829948, 4.233484064597691e-15, 7.474486248144325e-15, 5.804508847079926e-14, 6.622279379410136e-16, 5.335842554586042e-16, 0.009262033099756734, 3.5880961368342777e-14, 1.5375435606400815e-14, 0.001467350177295195, 2.1625513443939534e-15, 0.014347410679563815, 3.758894865956294e-16, 0.01485497430825572, 5.083486260612435e-16, 0.01962307678342748, 0.03767769395063297, 0.0006214458192912696, 0.0001559646433487844, 0.001512234411390209, 0.019623076783422906, 0.037677693950627596, 0.0006214458192892944, 0.00015596464334970505, 0.0015122344113903206, 3.088157728088127e-16, 6.183716237026933e-16, 1.4300136241058385e-15, 3.3663234541060435e-16, 2.299148589756791e-16, 0.023704097822091305, 6.962320638288156e-16, 1.844049085035153e-15, 0.021307827336363418, 6.602228527589078e-16, 0.0003636775167175162, 3.5208120515459605e-16, 0.0011864422411921173, 1.835479976734498e-16, 0.013624345023517254, 0.0005761280868552157, 0.0013761007793041066, 0.0009507136073527087, 0.000414854835382245, 0.01362434502351743, 0.00057612808685233, 0.0013761007793045884, 0.0009507136073524684, 0.00041485483538234683, 5.0407352561430107e-17, 5.737344271501879e-16, 8.513763434107663e-16, 2.135806998849033e-16, 5.3658386444829496e-17, 0.00513297969751815, 1.0465358716722871e-14, 4.37457717663537e-15, 0.0019566074826789896, 3.3217685662046415e-16, 0.0008931530532678969, 2.719527244256811e-16, 0.0011648239257915066, 2.6366391336928657e-16, 0.006303540970619596, 0.006048359093660471, 0.0003085607664094817, 0.0003004126311385194, 0.00010976702631949507, 0.006303540970620819, 0.006048359093659184, 0.00030856076640920616, 0.0003004126311380857, 0.00010976702631966789, 3.827674064152823e-16, 4.847828684849963e-16, 9.301788182482331e-15, 5.891464446065254e-16, 1.4317126936571975e-16, 0.0013816478776205732, 1.1159445875654468e-15, 2.3719696984833595e-15, 0.004523935302883378, 1.165919040968154e-16, 0.0003384947647619464, 1.656346253060087e-16, 0.00022570277136727603, 2.2211709298128505e-16, 8.513376963666944e-05, 0.003693406808642802, 0.00012554439389691338, 3.815645521370428e-05, 1.768082475051094e-05, 8.513376963654864e-05, 0.003693406808643017, 0.00012554439389682106, 3.815645521379152e-05, 1.7680824750521906e-05, 3.785931936665776e-16, 2.0365493581417561e-16, 9.416616379982046e-16, 1.0866564828224536e-16, 8.683048616019664e-17, 0.0010443975255888874, 4.363488665023654e-16, 1.2035005021880044e-15, 0.001666481613232837, 2.8793237320636784e-16, 5.027282592698964e-05, 1.2006325932855853e-16, 5.330639438059842e-05, 4.7591080261971644e-17, 0.0008080546361482338, 0.0002293792136149546, 6.459039798113431e-05, 5.07629750396948e-05, 4.046609170243262e-05, 0.0008080546361480048, 0.00022937921361549442, 6.459039798109786e-05, 5.076297503967637e-05, 4.046609170253961e-05, 2.921988288834101e-16, 1.1047701761048689e-16, 1.1769355261447545e-16, 1.6239718378949994e-16, 1.518628736895105e-05], [0.14125219978768197, 0.06317427990793209, 0.005786505542256189, 0.0070976577174271934, 9.920618854266478e-16, 0.0012619333439584494, 0.011266564275343241, 0.004149380383604757, 0.17548553916222337, 0.004728224991769227, 2.0656051456017383e-14, 0.08380701196758568, 0.002131069815126155, 1.989797780978415e-15, 0.013140241330541567, 3.594709482888254e-15, 0.000469795148549461, 1.7763504146386503e-15, 0.0006863410862507139, 0.00854711543333814, 0.0011443569348310186, 0.00501243274146817, 0.000924563243999235, 0.0010276914576042167, 0.00854711543329481, 0.0011443569347885764, 0.0050124327414692565, 0.0009245632439968303, 0.0010276914576028725, 0.0006525320317788079, 0.03484820287189492, 0.01807903432023624, 0.11052434486154526, 0.045117780885852075, 4.890996293323791e-14, 0.04974130888870934, 0.018474771637480816, 1.6309767728465626e-14, 0.010384315909849527, 7.214362174004493e-15, 0.001831626108276913, 1.1448120706070912e-15, 0.00232871290661402, 0.004151010864213335, 0.004986218405231544, 0.003258021420862842, 0.0010973575470936952, 5.119458456305768e-05, 0.004151010864302371, 0.00498621840529813, 0.00325802