#/usr/bin/env python
"""
This file was generated automatically.
"""
from matplotlib import pyplot
pyplot.figure(figsize=[12, 4.8])
pyplot.subplot(121)
pyplot.imshow([[0.3889816959770014, 0.15117289833499617, 0.023496074635024376, 0.01557393086213616, 4.3878380479143426e-16, 0.010648142413805222, 0.13436255296034644, 0.05560154440401128, 0.2822672051732511, 0.18859341841424038, 4.746792716544746e-16, 0.14023501213086992, 0.07746291992031998, 2.0452020209818224e-16, 0.019065512595969072, 4.4197503604719736e-16, 0.010958204888988143, 5.924544465223822e-17, 0.0073803264962469155, 0.03360765243058661, 0.035775732770313505, 0.008728663440580762, 0.006279956275894104, 0.00028975048509179385, 0.03360765243058809, 0.03577573277031326, 0.008728663440580554, 0.006279956275893498, 0.00028975048509148854, 0.0014292002718205158, 0.02272970434968951, 0.00553437935355252, 0.04308659170600637, 0.00423274783735806, 1.9519538668275917e-16, 0.016114907219040936, 0.01459766480110148, 4.124654944703917e-15, 0.007726747235252639, 8.912343252931956e-16, 0.0061444106582922795, 1.2854862344684417e-16, 0.01661865050087735, 0.026863099458557582, 0.018426352599512325, 0.0024145198104182724, 0.0007299341947455368, 0.0008325769155692987, 0.026863099458561326, 0.01842635259952404, 0.0024145198104183765, 0.0007299341947467862, 0.0008325769155704708, 0.00022364060047885397, 0.027211003174776635, 0.042200578976105546, 0.04279074858751457, 0.011664139108211243, 2.0376957079247495e-15, 0.027731128060364076, 0.008181205055708542, 7.233152827687675e-15, 0.003007978095906685, 1.0707891372673306e-15, 0.0025314929716389054, 3.366253626231651e-17, 0.002048762288942894, 0.009285649850741637, 0.0012651635481704532, 0.0015305430103091065, 0.000732065809995525, 0.0009148232180856738, 0.009285649850742563, 0.0012651635481609053, 0.0015305430103089313, 0.0007320658099945079, 0.0009148232180849666, 0.00024468458738988706, 0.008242804807622928, 0.014724603249787714, 0.01556008106405142, 0.010133545411599162, 1.6858273231191897e-15, 0.010551425161662575, 0.009498514959155085, 2.3107479519511405e-15, 0.0012450759880281489, 8.915636898892789e-17, 0.0008485943561663076, 4.909990737704989e-17, 0.0027194536528845304, 0.0013626927604107504, 0.0003752573272582174, 0.0006529493722374742, 3.7808929241443546e-05, 9.267534562359828e-05, 0.0013626927604139041, 0.0003752573272582053, 0.0006529493722376412, 3.780892924165293e-05, 9.26753456234595e-05, 0.007393798055106357, 0.013204794191986308, 0.0006664555699109906, 0.0003347034766683853, 1.445568138715728e-17], [0.15117289833499617, 0.06798857552263626, 0.007714212717241297, 0.005044728722187671, 1.8591734652741192e-16, 0.0001924861269832764, 0.013776398049152842, 0.0005741438355779983, 0.1280998838448713, 0.0780548750525977, 8.838351412536691e-15, 0.06264339321627335, 0.034331902789894106, 2.25364442133966e-15, 0.009612774318453473, 9.656422030247446e-16, 0.004802415872829352, 1.609395322545007e-16, 0.004514575145051695, 0.03666020866776198, 0.019662620712758788, 0.004056926604235585, 0.000938245123631499, 0.002251194942224151, 0.036660208667747204, 0.01966262071274782, 0.004056926604235249, 0.0009382451236322494, 0.0022511949422236582, 0.00013142825524802424, 0.012320174227795648, 0.0013904239909493538, 0.059624303488758204, 0.012358827270365014, 4.636003151147837e-15, 0.026190860836767985, 0.009754368281628008, 1.2586875995608384e-15, 0.0082001327302444, 8.913873680121752e-16, 0.002561252997809426, 1.0380029947511354e-16, 0.006569451851325901, 0.018528412405435943, 0.010711462609851924, 0.001941455184322624, 0.00040230197506148173, 0.001043590225407969, 0.018528412405448766, 0.010711462609867873, 0.0019414551843224405, 0.0004023019750625645, 0.0010435902254086432, 0.0002136625775232548, 0.02642036050855196, 0.03132790962853716, 0.050144338827168344, 0.011645481698936123, 1.1475415510365813e-14, 0.025886264933825447, 0.00807771712242776, 8.5262140385754e-15, 0.003795412059143348, 2.3653244294208538e-15, 0.0006017116353766118, 4.494043856950938e-16, 0.0009714786683512411, 0.008026680958089415, 0.0003305417921045592, 0.0015972537274994273, 0.0008936910204830099, 0.0010152074865889234, 0.008026680958109064, 0.0003305417921111156, 0.00159725372749938, 0.0008936910204832532, 0.0010152074865887764, 0.0003268556657314864, 0.004603054969797583, 0.012365587270502595, 0.021315192249335237, 0.009350799448287051, 1.5293886404476468e-14, 0.01575240173001496, 0.00618222630682002, 7.652336197167997e-15, 0.0016958581316992329, 1.5345316706824311e-15, 0.0004989337984428123, 3.2054613474892737e-16, 0.0021071860340010832, 0.0006029775566978278, 0.0005654003917555054, 0.0008197630868835297, 9.42960497306858e-05, 0.000183045048987495, 0.000602977556672199, 0.0005654003917680631, 0.0008197630868839029, 9.429604973202306e-05, 0.00018304504898677303, 0.013204794192012995, 0.01204099224939333, 8.60895862208064e-05, 0.0006151018516625788, 4.633929291413682e-16], [0.023496074635024376, 0.007714212717241297, 0.0017611546973753747, 0.0009849389741948568, 5.549917513181196e-18, 0.0018827386647509196, 0.015817461258123135, 0.007509486834960411, 0.010079591165892054, 0.014436235916203296, 8.15388220488278e-16, 0.005737356488458908, 0.005605012959078265, 5.506006199718547e-16, 0.0005291870117866634, 1.3284161448022153e-16, 0.0008822084476931454, 6.1348285203204636e-18, 0.0005118616437052705, 0.00025988328583313334, 0.0022951765735631366, 0.0003390866118247452, 0.0006713227545109193, 0.0003259712060809681, 0.0002598832858343482, 0.002295176573562814, 0.0003390866118247308, 0.0006713227545109133, 0.00032597120608095356, 0.0003172192406669022, 0.002049406227148797, 0.0032537452781616163, 0.006141460958519245, 0.0041907034179986076, 1.3324644922373555e-16, 0.003140845113380637, 0.0029942268142664676, 9.725205584291331e-17, 0.0004434331339744194, 4.2147301719005674e-17, 0.0007661336592330668, 2.761597289908465e-17, 0.0012206681892542256, 0.002004054128719762, 0.0017116122036436431, 5.9981225741885194e-05, 6.11409068965724e-05, 1.5879582730558741e-06, 0.0020040541287206716, 0.0017116122036448522, 5.9981225741875626e-05, 6.114090689647442e-05, 1.5879582729745556e-06, 6.898517736689911e-05, 0.0008722177057468016, 0.001023743636791745, 0.0003595146433749332, 0.00034793563148086647, 1.6108358358978386e-15, 0.00017287816902375377, 0.00012620857745670165, 9.092590787813561e-16, 0.00014712990291720115, 1.6441329635959109e-16, 6.334835681891772e-05, 4.4293130820621984e-18, 0.00022983913351727565, 4.731500558742118e-05, 0.0003075340486044137, 2.5416402695615327e-05, 7.477802277154748e-06, 1.8980317608472164e-05, 4.7315005589870936e-05, 0.00030753404860350613, 2.541640269561145e-05, 7.477802277251236e-06, 1.8980317608522254e-05, 2.25196074905666e-06, 0.00025709930500783843, 0.000586205557896093, 0.0011000018874855293, 7.314247640263457e-05, 1.0343565683481739e-16, 0.001023051927491127, 0.00028199213770741915, 1.572920751375844e-16, 9.816808619696372e-05, 8.32499959493653e-17, 1.1555242531505777e-05, 5.1561039588910423e-17, 8.792958482697942e-05, 3.075463039389878e-05, 8.500639862331599e-05, 2.9919956232217102e-05, 2.8592705935885973e-05, 2.3887010568587804e-05, 3.07546303934741e-05, 8.500639862294232e-05, 2.991995623220588e-05, 2.8592705935877395e-05, 2.3887010568597026e-05, 0.0006664555699128546, 8.608958622097055e-05, 2.741927236354398e-05, 3.0821112002648335e-05, 2.715906176090632e-18], [0.01557393086213616, 0.005044728722187671, 0.0009849389741948568, 0.0009786171186441741, 1.8486821486334335e-17, 0.0015468420480208788, 0.010561444003840055, 0.004896408926850509, 0.014081562543721646, 0.0010558857425839894, 3.483251631999757e-16, 0.006992475991085609, 0.0009131548108492825, 5.448240430061272e-16, 0.0009290793024714156, 8.531423486295089e-17, 9.664436248109789e-05, 1.4900333433281472e-17, 0.00012693021536612503, 0.006167883176293613, 0.0011648255673059184, 0.00038522082073829284, 0.00046664566213364106, 0.0006638246297578092, 0.006167883176294058, 0.0011648255673054127, 0.0003852208207382772, 0.0004666456621335946, 0.0006638246297577692, 0.0001937941761257184, 0.002340785941621689, 0.0005863497916659184, 0.003221917698961123, 0.004326334410506949, 4.51109476725585e-16, 0.001306790666221362, 0.001594908012484691, 2.3328912170936085e-16, 5.52497351755745e-05, 3.3344711932945043e-17, 1.538642100416353e-05, 2.8396106309097793e-17, 0.00033246668692073645, 0.0009815096739521747, 0.0006781240205612821, 0.00014784255705315943, 7.95383018195328e-05, 8.431535026537936e-05, 0.0009815096739515593, 0.0006781240205607623, 0.00014784255705317542, 7.953830181958211e-05, 8.431535026535777e-05, 5.743745017052988e-05, 0.00038217674352794074, 1.4374081164157258e-05, 7.65963394520541e-05, 0.00017740708919463007, 2.9517756178186466e-16, 0.0009098320611548789, 0.00042200895852415727, 2.347059658393878e-17, 8.509113871071384e-05, 6.726189232707309e-18, 0.00017297367953511474, 9.077712472676117e-18, 0.0003137964671080768, 0.0002291294895893773, 0.00034165376046798576, 1.6970018565525712e-05, 1.8649500851925015e-05, 2.753638935014814e-05, 0.0002291294895890517, 0.000341653760467902, 1.6970018565530835e-05, 1.864950085195282e-05, 2.7536389350157826e-05, 7.141000356040411e-05, 0.0005061550466175162, 0.00017302270484637885, 0.0006714594620854577, 0.0002297647686466313, 2.496130536241631e-16, 5.923651416544747e-05, 0.00016140485283500073, 1.93798934034708e-16, 5.982629264821514e-05, 1.1277657581985272e-17, 5.812113850116733e-05, 1.6835983149905265e-17, 5.336747916426948e-05, 0.00016058102262077225, 3.7513801534321423e-06, 2.031809279537992e-05, 5.319182830849026e-07, 1.0446136815748714e-05, 0.0001605810226211168, 3.7513801533655723e-06, 2.0318092795384133e-05, 5.319182830934611e-07, 1.0446136815756947e-05, 0.0003347034766734906, 0.0006151018516614632, 3.082111200255852e-05, 1.929446861155628e-05, 2.839812974122457e-18], [4.3878380479143426e-16, 1.8591734652741192e-16, 5.549917513181196e-18, 1.8486821486334335e-17, 0.0003455395638260545, 2.7860066492282915e-16, 5.71594454001046e-16, 6.278808101149159e-16, 2.9522878953551455e-16, 7.36093272021433e-17, 0.01112837451943972, 4.703915918416569e-16, 2.912024495935953e-16, 0.005074130974854336, 3.761767468358749e-17, 0.0007693039092095925, 1.5410123498496873e-17, 1.8851993210484817e-05, 5.96219273141139e-18, 0.00851825949120118, 0.003723295157260922, 3.189576347130465e-05, 0.00045807044446622563, 0.000273044172020146, 0.008518259491200934, 0.0037232951572598524, 3.1895763471310795e-05, 0.00045807044446619566, 0.0002730441720200794, 5.839776212875206e-16, 4.056929023521356e-17, 7.597885064063598e-16, 5.238139005327823e-17, 1.8597435674760498e-16, 0.0003033189161917591, 2.250442190520823e-16, 3.254928565434954e-16, 0.00030337468983677486, 8.73053765538406e-18, 0.000496993351826775, 2.4450859799498244e-17, 0.00045294422331769517, 4.000718544460744e-17, 0.0010809617976584216, 0.0014001327377413798, 1.8256146665964698e-05, 2.044954001201711e-05, 3.340068422418281e-05, 0.001080961797658775, 0.00140013273774167, 1.825614666596489e-05, 2.0449540012019117e-05, 3.3400684224121065e-05, 3.2575274557478404e-16, 5.1404613611947107e-17, 1.1195989113085839e-15, 1.6611760775546483e-16, 2.1245805453063014e-16, 0.0005258809750412208, 7.990353378010501e-17, 3.7600837898161224e-16, 0.0005850222219174428, 7.088560280419738e-18, 5.132419723573962e-05, 1.3519004364265485e-17, 9.407373716066292e-06, 2.2349407421886347e-18, 0.00021686100065721725, 0.00014823148517485876, 4.414054004431417e-05, 2.0439571245941743e-05, 1.082678942160138e-05, 0.00021686100065684586, 0.0001482314851751451, 4.414054004434396e-05, 2.0439571245946432e-05, 1.0826789421548387e-05, 2.352275104954485e-16, 2.9913718121132145e-17, 5.566805372088968e-16, 4.0748550049305543e-17, 1.8724686737671554e-16, 0.00027705302051847795, 2.6293065494584395e-16, 2.4039562842837e-16, 0.00018850187315262723, 1.1854079976051554e-17, 2.04033780103044e-05, 2.132254760616614e-17, 2.920646694824089e-05, 2.7461898259693914e-17, 0.00025647745869699295, 0.00017288376417693511, 1.2095139341170191e-05, 1.3328816531452583e-05, 8.169930516181775e-06, 0.0002564774586972123, 0.0001728837641770012, 1.2095139341167955e-05, 1.3328816531442409e-05, 8.16993051619452e-06, 8.664032925071014e-17, 4.181033917222663e-17, 1.3749209427675936e-19, 6.551401254974841e-18, 1.1393851062768427e-05], [0.010648142413805222, 0.0001924861269832764, 0.0018827386647509196, 0.0015468420480208788, 2.7860066492282915e-16, 2.0123507881080265, 0.008176355120257151, 0.031848568369250645, 0.0016924002184455745, 0.0009878254884088948, 3.464388747166602e-15, 0.0010847397528176116, 0.0007486542368018756, 1.3445366858712089e-15, 0.00037246940439283617, 1.7218122259680356e-16, 0.00022342303095299493, 9.751520900658111e-17, 0.00012816574028606684, 0.010440744246413003, 0.001035857420517291, 0.0002396062618785329, 0.0013481041895299574, 0.00199112143587816, 0.010440744246417428, 0.0010358574205160758, 0.00023960626187856252, 0.0013481041895300986, 0.001991121435878288, 6.454098447291454e-05, 0.004215201040120424, 9.973779472629553e-05, 0.005333512355418924, 0.002235870189833108, 2.9513129345824982e-15, 0.0003125703062980253, 0.0003333922611089646, 1.7990171806883394e-15, 0.0010585761973525183, 1.159543620704367e-16, 0.000748107649084052, 2.7048872977378153e-16, 0.000353135491546187, 0.001106502161843881, 0.00024128374039161473, 6.127467415350161e-05, 4.130639874750299e-05, 0.0001479117445668383, 0.00110650216184812, 0.0002412837403904934, 6.127467415352497e-05, 4.130639874730834e-05, 0.00014791174456699286, 0.000457426372492088, 0.0005542551871495186, 0.0021850338554361914, 0.00030117996657953467, 0.0007504104511927445, 1.9300036855632344e-15, 0.0029579991894927602, 0.00028082233270263103, 1.2026774874827895e-15, 5.872076111330768e-05, 1.5636347004547478e-16, 0.00013032915782403798, 2.0785592895871414e-16, 2.8336728734333573e-05, 0.00048275965256588574, 0.0004412209981772537, 4.878897842473702e-05, 0.00011977694490758263, 1.8923908550139685e-05, 0.00048275965256301424, 0.0004412209981761814, 4.878897842472883e-05, 0.00011977694490774732, 1.8923908550062812e-05, 0.0002603156347402337, 0.001318488568538915, 0.001020208625801924, 1.4962817758123665e-05, 0.0006033031033088243, 2.481703543875506e-15, 0.0002931945818636855, 0.0008379404836612893, 1.0850544888881046e-15, 3.599873759437261e-05, 7.560514180248906e-17, 6.115092258485582e-05, 7.034019782086286e-17, 7.214843861907521e-05, 0.0010002065353110741, 0.00036848722233671075, 2.0079483247869257e-05, 6.307677602513359e-05, 8.957700011611098e-05, 0.001000206535307667, 0.00036848722233579807, 2.0079483247889813e-05, 6.307677602493664e-05, 8.95770001160026e-05, 0.00024468458746496177, 0.0003268556656578907, 2.2519607530867303e-06, 7.14100035610779e-05, 8.210355313146138e-17], [0.13436255296034644, 0.013776398049152842, 0.015817461258123135, 0.010561444003840055, 5.71594454001046e-16, 0.008176355120257151, 0.2830877834439444, 0.1407087257270808, 0.0208355992781667, 0.011628923905526183, 5.5058157386130665e-15, 0.009947295471130409, 0.007599108767852782, 6.320760870544758e-15, 0.003076054495073626, 1.0819036510173576e-15, 0.0017877666287233697, 2.170033230952701e-17, 0.0014602877480812569, 0.13766205525738578, 0.01564339426734651, 0.0005348030856999569, 0.011394379852258047, 0.015681904860869674, 0.1376620552573751, 0.01564339426732577, 0.0005348030856997407, 0.011394379852255818, 0.015681904860867846, 0.007431004642008615, 0.03958203900378125, 0.057201119010745864, 0.12013350731562017, 0.08632048092221081, 4.116051663042872e-15, 0.05973137385330412, 0.05055405421572915, 3.260523901314858e-15, 0.017583136437259863, 6.205854003822047e-16, 0.010808634140822535, 5.8220975637659215e-16, 0.007356764562662768, 0.026587055838351217, 0.01447367376191143, 0.002075165107323966, 0.0008474686984656653, 0.0004518712544107973, 0.026587055838359585, 0.014473673761914434, 0.002075165107323654, 0.0008474686984646317, 0.0004518712544119367, 0.0009020746439396031, 0.012911738013144543, 0.03167179672127902, 0.026664257256590183, 0.009380065055771762, 2.9023012518117134e-15, 0.013691773790875912, 0.004391799945160771, 9.537243782261639e-16, 0.004182126879738809, 1.2749978296847125e-16, 0.001797563056103818, 3.045864940832898e-16, 0.006228623882729307, 0.016646493051895462, 0.01112577452888973, 0.0014558671487707496, 0.0006348355419936868, 0.0014474055799686158, 0.016646493051890695, 0.011125774528883857, 0.0014558671487707275, 0.0006348355419930329, 0.0014474055799681173, 0.0013184885685380019, 0.009903068102217567, 0.031198620986108445, 0.022193475630093835, 0.010017220687277945, 4.099245166710568e-15, 0.02687645087307018, 0.005552363799633185, 1.6858433304904914e-16, 0.0014873770745934642, 1.3858513912741328e-16, 0.0001252548389994636, 7.732737730581434e-17, 0.000535548424473379, 0.00014625007515329733, 0.0006346475312848945, 0.0007359846254891716, 0.0006161327951926778, 0.00036071703948483113, 0.0001462500751470662, 0.0006346475312901841, 0.0007359846254893205, 0.0006161327951933209, 0.0003607170394853181, 0.008242804807696366, 0.004603054969816948, 0.0002570993050076878, 0.0005061550466209188, 1.7877194562123382e-16], [0.05560154440401128, 0.0005741438355779983, 0.007509486834960411, 0.004896408926850509, 6.278808101149159e-16, 0.031848568369250645, 0.1407087257270808, 0.0764657220635594, 0.02187615369148086, 0.005489628506207777, 3.048268340924407e-14, 0.00412693693058469, 0.0034588075328791986, 1.9194699314157792e-14, 0.0026456628451414846, 3.6307280954586524e-16, 0.0003500994534311613, 1.6691537561856057e-15, 0.0004190474622696467, 0.06958798895643499, 0.00937793480125606, 0.0007179542118396114, 0.005669959855675108, 0.007823685382975615, 0.06958798895647107, 0.009377934801253526, 0.0007179542118389862, 0.005669959855676681, 0.007823685382976642, 0.003970925287602907, 0.011471389933235593, 0.017318421459864418, 0.08148252998683825, 0.03099192381142532, 4.3181839369593844e-14, 0.039968502977376176, 0.018393305819684673, 1.7677118835342775e-14, 0.011405830317123753, 4.280592749483597e-15, 0.004692128777507849, 2.9888866972996725e-15, 0.004152534223743286, 0.011857746056785842, 0.006487178313207909, 0.0017226158647278239, 0.00016849283244284638, 0.00027865967709009526, 0.011857746056716622, 0.006487178313171454, 0.0017226158647273282, 0.00016849283244632196, 0.0002786596770885281, 0.0010100405317151442, 0.017454365298572607, 0.01942519610871881, 0.049279168432977624, 0.016627913666588518, 5.165427534906486e-14, 0.02337228857584523, 0.0041898430755370536, 2.4086402281191438e-14, 0.006039205326531325, 4.920452677776288e-15, 0.0017459470109747034, 2.35017962520889e-15, 0.0028450857024239435, 0.019608261069420537, 0.007562603924868785, 0.0016125251136956018, 0.0008354673087737967, 0.0017827857419737995, 0.01960826106950339, 0.007562603924908539, 0.001612525113695701, 0.0008354673087779506, 0.0017827857419758794, 0.0010202086254135362, 0.03119862098592899, 0.030518139472089284, 0.03682742994188828, 0.0009901406990863457, 1.6625156500516097e-14, 0.024746395344779824, 0.0008937617905824902, 7.44447813627006e-15, 0.002438648696655734, 1.4875360414556973e-15, 0.0005853915069874557, 1.895585749168007e-15, 0.00044735745493771966, 0.016821524145369762, 0.0036819201228804194, 0.0012182218369829066, 0.001328582150797793, 0.0018728129848045116, 0.016821524145354375, 0.0036819201228839938, 0.0012182218369836155, 0.001328582150796456, 0.0018728129848034336, 0.014724603248969148, 0.012365587270033583, 0.0005862055579090659, 0.00017302270479377347, 4.3205159518194243e-16], [0.2822672051732511, 0.1280998838448713, 0.010079591165892054, 0.014081562543721646, 2.9522878953551455e-16, 0.0016924002184455745, 0.0208355992781667, 0.02187615369148086, 0.38927449013847937, 0.01545201626981945, 3.603677867073127e-16, 0.17437468713643167, 0.004266898068731768, 2.1984453537416542e-16, 0.028891161928680537, 4.409919216446976e-17, 0.0027078118391092357, 2.0408347573428028e-16, 0.0017633765398014783, 0.0010689334611635112, 0.0047902860073607, 0.01080759757204974, 0.0002704002838206597, 0.0001200648112439247, 0.0010689334611638616, 0.004790286007361262, 0.01080759757204915, 0.00027040028382064257, 0.00012006481124369008, 0.0056437135943415585, 0.1130113451980701, 0.07644426219789771, 0.22266342087904595, 0.15165632309942456, 1.6577019584311408e-15, 0.1005261014154441, 0.06879858667841854, 1.0042012802234628e-15, 0.0217745078818117, 5.029174147717099e-16, 0.00811267315603486, 2.8794423799750127e-16, 0.003996427515783952, 0.018044816677879823, 0.01817250938699625, 0.006320183775107864, 0.0035434959651159006, 1.904545874404403e-05, 0.0180448166778799, 0.018172509386986883, 0.006320183775107848, 0.0035434959651161778, 1.9045458743772873e-05, 0.0003612097633394499, 0.02435873225400977, 0.048989478518984025, 0.04392316574099764, 0.0048550849068274005, 2.5881511506544203e-15, 0.04443221766118308, 0.004130327859880292, 7.803698745864332e-15, 0.006586155495260445, 8.533703159282014e-16, 0.005062068259494745, 1.166401589782881e-16, 0.01259982818013841, 0.021450607026726784, 0.014784503531865155, 0.0024099713163708444, 0.0009438532248133188, 0.0011543353779029282, 0.021450607026729622, 0.01478450353185581, 0.0024099713163707724, 0.0009438532248124572, 0.0011543353779025084, 1.4962817875230008e-05, 0.022193475629938043, 0.03682742994338543, 0.032530362909512306, 0.012106468969455785, 8.321818516766463e-16, 0.028535793163062845, 0.008059061953962542, 2.0043673442136315e-15, 0.002579965240303801, 1.9313446103223537e-17, 0.002147861471222322, 4.156141817396739e-17, 0.0023410628714897203, 0.00722722299556652, 0.003178111192149044, 0.0012108847949923581, 0.0006633626264029387, 0.0007429333193523379, 0.007227222995568515, 0.0031781111921481524, 0.001210884794992591, 0.0006633626264030163, 0.0007429333193524856, 0.015560081064069933, 0.021315192249237128, 0.0011000018874824506, 0.0006714594620735254, 6.800699348333723e-17], [0.18859341841424038, 0.0780548750525977, 0.014436235916203296, 0.0010558857425839894, 7.36093272021433e-17, 0.0009878254884088948, 0.011628923905526183, 0.005489628506207777, 0.01545201626981945, 0.3686111490897172, 2.3453150320471687e-15, 0.003528117136771397, 0.1594645800824496, 7.702163382781875e-15, 0.004575273480386627, 4.633129147704501e-16, 0.0222642975873431, 2.905489518090696e-17, 0.01228513845426997, 0.1954379538967101, 0.0858632373382935, 0.0010067654693991322, 0.000484222765524334, 0.014436847446169588, 0.19543795389671187, 0.08586323733827778, 0.0010067654693994045, 0.000484222765524868, 0.014436847446169045, 0.0035896088829020798, 0.08054313040122009, 0.05938783529610597, 0.16278815863887997, 0.0992595741822618, 2.422770170267848e-15, 0.0741766939314487, 0.056883499259820766, 6.151667911266133e-15, 0.003513774956924047, 1.4214676163493995e-15, 0.009983274170881276, 3.6579377252180095e-17, 0.017373865336929518, 0.02766671294506485, 0.03711426519029893, 0.0035635484606178452, 0.0030254808746679723, 0.0005942106248714341, 0.027666712945067073, 0.037114265190302094, 0.003563548460617879, 0.003025480874667156, 0.0005942106248701892, 0.0008606336152228528, 0.009701562540229585, 0.02702089519879879, 0.004677668449514522, 0.009830422655913372, 6.417104797146845e-16, 0.019166674014340114, 0.006126091531334966, 9.001416526478816e-16, 0.0028442859939502687, 6.601691314725158e-16, 0.00045013672322477175, 1.8542972987227468e-16, 0.006905402953638275, 0.0027023385793421913, 0.004157826853921515, 0.0004029484724726889, 8.690064886454506e-05, 0.0010379588693836597, 0.00270233857933892, 0.00415782685392775, 0.00040294847247286626, 8.690064886532207e-05, 0.001037958869382859, 0.0006033031032600547, 0.010017220687208731, 0.0009901406984906217, 0.012106468969444582, 0.00349458422574422, 1.1805714584442536e-15, 0.005783239143869164, 0.008980022370508675, 1.392791690534165e-15, 0.0014510597831816961, 2.020381017055433e-16, 0.0014127541452394153, 2.3844161224395198e-17, 0.0005057786622114401, 0.007111438470674958, 0.003812299809438877, 0.00042765046752585105, 0.0004245180452038493, 0.0007102526644079161, 0.0071114384706727745, 0.003812299809434305, 0.0004276504675258286, 0.0004245180452033568, 0.0007102526644076309, 0.010133545411594272, 0.009350799448205794, 7.314247640125953e-05, 0.0002297647686384672, 1.1938598082405839e-16], [4.746792716544746e-16, 8.838351412536691e-15, 8.15388220488278e-16, 3.483251631999757e-16, 0.01112837451943972, 3.464388747166602e-15, 5.5058157386130665e-15, 3.048268340924407e-14, 3.603677867073127e-16, 2.3453150320471687e-15, 0.35957209608223534, 1.105690898825692e-14, 9.951029884355423e-15, 0.16377517348411308, 9.117294137792094e-16, 0.0239426144734494, 4.232887374307971e-16, 0.0012977478555855305, 6.377638024319562e-17, 0.2735362096781126, 0.11777912008985508, 0.0009468146962315651, 0.014794605811905026, 0.008890870978315238, 0.27353620967811865, 0.11777912008982297, 0.000946814696231239, 0.014794605811905137, 0.008890870978314534, 1.2795991081026683e-15, 2.4790967134781794e-15, 2.9205403510929624e-14, 3.151407767324964e-16, 1.551047782499112e-15, 0.009195737228773301, 9.0233496105357e-15, 1.5414598173667933e-14, 0.001383033762788772, 4.922864500643348e-16, 0.014409892913076486, 9.444967242962308e-16, 0.014880961756611808, 7.589791307001424e-16, 0.019691792483343712, 0.03774505039146951, 0.0006154370299590771, 0.00015387169271265463, 0.0015161128089451945, 0.01969179248334326, 0.03774505039147498, 0.0006154370299591772, 0.00015387169271320681, 0.0015161128089445318, 2.7220257907233903e-15, 4.934387369152492e-15, 4.032388391497157e-14, 4.607048233776264e-16, 8.877111665241044e-16, 0.02384892438458318, 2.1315145685313798e-15, 1.6249033119829525e-14, 0.021833454358235225, 3.1606305989984015e-16, 0.00044771342936906697, 7.756987689018377e-16, 0.0011601813105575703, 2.292905973683215e-16, 0.013618530594790892, 0.00033474126441241075, 0.0013624715072253458, 0.0009673085280441917, 0.00045377005871416486, 0.013618530594791666, 0.0003347412644169505, 0.0013624715072260592, 0.0009673085280450068, 0.0004537700587137544, 8.005637471238752e-16, 1.7083386235866657e-15, 1.9092036887545243e-14, 1.1848014182815091e-15, 5.792517458430858e-16, 0.0052553764938544426, 9.026909623759077e-15, 5.5852805788584266e-15, 0.003929204420575934, 6.59144764673746e-16, 0.0008687114602282447, 3.519896463667107e-16, 0.0011520433826416464, 5.88017893600738e-16, 0.006352137818890269, 0.005742284268743215, 0.0003006573565361337, 0.0002818341130979621, 0.0001508822325524713, 0.006352137818891854, 0.005742284268742467, 0.0003006573565360382, 0.00028183411309775047, 0.0001508822325525272, 6.834763654350131e-16, 4.455136802737617e-16, 2.5645191731476817e-16, 2.667675938835917e-16, 0.0002770530205182097], [0.14023501213086992, 0.06264339321627335, 0.005737356488458908, 0.006992475991085609, 4.703915918416569e-16, 0.0010847397528176116, 0.009947295471130409, 0.00412693693058469, 0.17437468713643167, 0.003528117136771397, 1.105690898825692e-14, 0.08278583738592268, 0.0012910568552868462, 5.253355657589366e-15, 0.013099739088262775, 2.2122952272055438e-16, 0.0004539856123462699, 3.9359767628157455e-16, 0.0006600763771356611, 0.0072526871255266905, 0.0009083645043679676, 0.004984841326669392, 0.0008711161459657163, 0.00090601342550547, 0.007252687125511557, 0.0009083645043632058, 0.004984841326669043, 0.0008711161459646954, 0.0009060134255048894, 0.0007464650938770744, 0.03572874892981088, 0.018731149192059406, 0.10977139797360128, 0.04469761797495231, 8.869511166390907e-15, 0.049376622839797074, 0.018409965205790534, 3.1460980179741306e-15, 0.010291273378657156, 8.05136633858854e-16, 0.0017994017194361328, 1.0871096490311838e-15, 0.002448182948288811, 0.0032955174677083005, 0.004394697644008211, 0.0032358141339281655, 0.0011154459649246684, 2.2603570323730246e-05, 0.0032955174676944574, 0.004394697643996159, 0.003235814133928213, 0.0011154459649256794, 2.260357032413975e-05, 0.000213501660545043, 0.013154103551981131, 0.020552621533577394, 0.0506412382362789, 0.00764135075537848, 1.998153390088633e-14, 0.03309826375897199, 0.0034340544955660524, 1.2463776422368653e-14, 0.005853744145952982, 9.61211316037329e-16, 0.0018665675852167442, 1.3523401343641067e-15, 0.004574604955451177, 0.006670244966478068, 0.003845887846047588, 0.0017508433801211218, 0.0005083691151635719, 0.000363953821622031, 0.006670244966505217, 0.003845887846050746, 0.0017508433801211249, 0.0005083691151646778, 0.0003639538216227968, 0.000293194581717665, 0.026876450872917804, 0.02474639534541464, 0.028535793162378947, 0.005783239143541877, 2.4725239670909723e-14, 0.018312708938811224, 0.0026391384389578476, 9.637927604888162e-15, 0.0025754581375197995, 7.544872067273543e-16, 0.0010578734990859318, 7.443717824010713e-16, 0.00208454571937445, 0.012548526023695916, 0.003492800769730339, 0.001026057172172612, 0.0009404823192652357, 0.0012404240567319006, 0.012548526023661747, 0.003492800769717285, 0.0010260571721727937, 0.0009404823192631675, 0.0012404240567305894, 0.010551425161337918, 0.01575240172978807, 0.0010230519274920056, 5.9236514136617666e-05, 7.999720210348388e-16], [0.07746291992031998, 0.034331902789894106, 0.005605012959078265, 0.0009131548108492825, 2.912024495935953e-16, 0.0007486542368018756, 0.007599108767852782, 0.0034588075328791986, 0.004266898068731768, 0.1594645800824496, 9.951029884355423e-15, 0.0012910568552868462, 0.06994207675215434, 7.535144987950626e-15, 0.001486239701581337, 9.674542547976623e-16, 0.009564237969998824, 3.3384778827956235e-17, 0.005509728239375931, 0.09125891979339183, 0.03841662131747707, 0.0005053019222777655, 0.00028800337169612245, 0.006965882082048658, 0.09125891979340651, 0.03841662131747592, 0.0005053019222780329, 0.00028800337169655656, 0.006965882082048796, 0.000789441832817531, 0.028802605954390905, 0.020264251560263333, 0.06253631487106663, 0.04468976703786274, 1.7349545648349639e-15, 0.02831628920252669, 0.024908797584499407, 3.2244890273126004e-15, 0.0005887864358679376, 1.5700501484103584e-15, 0.0042190368425947065, 1.7596357346358284e-17, 0.007506438737170497, 0.01625901385528612, 0.017309662321267665, 0.0013967238263515671, 0.0011017858222221058, 0.0002029154151587691, 0.0162590138552829, 0.01730966232126402, 0.0013967238263514993, 0.0011017858222217944, 0.00020291541515944043, 0.00020640246096845975, 0.0037482631340940127, 0.013156745535134054, 0.0017543497697416564, 0.0007041805222664575, 9.160639515488895e-15, 0.006504685928274994, 0.0047525129487320135, 3.459544711005023e-15, 0.0013085044541673333, 8.358549403888852e-16, 0.00013836512577720052, 3.002553839600773e-16, 0.0025736665700272204, 0.0006232812175032141, 0.0020720231659369826, 4.924512985307784e-05, 6.177907183753823e-05, 0.00028726924310668657, 0.0006232812175203644, 0.002072023165949446, 4.9245129853225835e-05, 6.177907183869147e-05, 0.0002872692431059263, 0.0008379404834918913, 0.0055523637996108275, 0.0008937617903670948, 0.008059061953510156, 0.008980022370630614, 9.15092706295648e-15, 0.0026391384388769366, 0.007130753843931059, 5.749881683679916e-15, 0.0006582079447816985, 1.2384800342509519e-15, 0.000994621486705456, 2.991337272287959e-16, 0.00024827257012702004, 0.007463793801965532, 0.0030088854717559934, 0.00027762488970135667, 0.0002131784787516869, 0.0006678501017645894, 0.0074637938019805625, 0.0030088854717616026, 0.0002776248897014959, 0.00021317847875217388, 0.0006678501017648378, 0.009498514958858138, 0.006182226306643454, 0.00028199213769869463, 0.0001614048528140217, 2.3842436179177605e-16], [2.0452020209818224e-16, 2.25364442133966e-15, 5.506006199718547e-16, 5.448240430061272e-16, 0.005074130974854336, 1.3445366858712089e-15, 6.320760870544758e-15, 1.9194699314157792e-14, 2.1984453537416542e-16, 7.702163382781875e-15, 0.16377517348411308, 5.253355657589366e-15, 7.535144987950626e-15, 0.07515508755998199, 4.996199223126189e-16, 0.011167187590414643, 1.9751937394450487e-16, 0.00026184597539001813, 3.422793909485816e-16, 0.12504300878679458, 0.05426116139765285, 0.00040357367488326343, 0.006739986799711399, 0.004018470220648932, 0.12504300878681382, 0.05426116139764341, 0.00040357367488327395, 0.006739986799712198, 0.004018470220650197, 2.2177548370145193e-15, 4.3007043840545763e-16, 1.7907843710111448e-14, 2.7260216677033795e-15, 2.2223171089410165e-15, 0.0036642723837095013, 6.973515503898922e-15, 9.112962301639952e-15, 0.004121995656883478, 1.0254269100650463e-15, 0.006552283160201945, 5.438432396579632e-16, 0.007239155166855216, 5.412170899777238e-16, 0.014022896715088872, 0.01834748403978173, 0.0003092221441096641, 0.00025294985496492994, 0.0004486711865167088, 0.014022896715087838, 0.018347484039782962, 0.00030922214410965547, 0.0002529498549647825, 0.00044867118651634657, 4.4894354390139174e-15, 4.4388647913659005e-15, 2.3811787865262742e-14, 4.123814698578954e-15, 5.011212599298925e-16, 0.02284968578725821, 2.6526100280875356e-16, 8.431927055361157e-15, 0.015215542162858389, 1.1368395928530645e-16, 0.0003549188621466354, 4.487158328597814e-16, 0.00015435497260784723, 1.9373076536708933e-16, 0.014957277566381717, 0.003238778690551533, 0.0006299521180260872, 0.0009448671193850065, 0.0005272686120286266, 0.014957277566383896, 0.0032387786905515555, 0.0006299521180261312, 0.0009448671193855996, 0.0005272686120287858, 9.351603435936613e-16, 1.5526852808859764e-15, 9.299077363143208e-15, 7.113024908165045e-16, 2.3278198711346045e-15, 0.0039292044205707175, 3.770019844575273e-15, 1.7671498514455882e-15, 0.0029891742594221407, 2.4551876289289555e-16, 0.0009865231714567026, 5.584765547235953e-17, 0.0009894799148347675, 3.2552111591502373e-16, 0.004933946248566456, 0.004362708583997554, 0.00012785925576638027, 0.0001941924001426729, 6.036751075968106e-05, 0.004933946248565278, 0.004362708583996343, 0.00012785925576624032, 0.0001941924001426317, 6.036751075956311e-05, 8.824562388864215e-16, 3.510472975277014e-16, 2.450628589131854e-16, 1.659936146363868e-16, 0.0001885018731523308], [0.019065512595969072, 0.009612774318453473, 0.0005291870117866634, 0.0009290793024714156, 3.761767468358749e-17, 0.00037246940439283617, 0.003076054495073626, 0.0026456628451414846, 0.028891161928680537, 0.004575273480386627, 9.117294137792094e-16, 0.013099739088262775, 0.001486239701581337, 4.996199223126189e-16, 0.002560084172644376, 2.645201460149819e-17, 0.00039846166376205136, 3.315576032044561e-17, 0.00013404462386982087, 0.0007319074881555324, 0.0003619907965247346, 0.0007958544863430072, 2.874918001585255e-05, 3.961491196384627e-05, 0.000731907488154231, 0.00036199079652441063, 0.0007958544863429576, 2.87491800159346e-05, 3.961491196380756e-05, 0.0013099522359083108, 0.015106428807309275, 0.008987812839999533, 0.02097705684404563, 0.0034407618828046892, 5.952969124456067e-16, 0.009379624648973071, 0.0014059780096527127, 9.888209972088071e-17, 0.001987634122004279, 1.3525036623022803e-17, 0.00021210861270490615, 5.781770245644211e-17, 0.0003568975316007592, 0.00631147543728852, 0.0007650427923763055, 0.0005645507417832432, 0.0005510189694610266, 0.0007079889162473838, 0.006311475437289524, 0.0007650427923780959, 0.0005645507417832215, 0.0005510189694611815, 0.0007079889162474794, 0.00015298256541971064, 0.0038015870956826904, 0.00482117529459948, 0.006387955549442076, 0.001720746806588451, 1.3680502862595026e-15, 0.004800659158357631, 0.001057335551998402, 1.4655275506481747e-15, 0.00039701322878447627, 1.926715558303112e-16, 0.00031456810043311353, 4.902621196344622e-17, 0.0007710399917670343, 0.0016263055993632884, 0.000527451582907, 0.00026812818038130393, 0.00016417993459127243, 0.00013266793461973384, 0.0016263055993651551, 0.000527451582906544, 0.00026812818038128203, 0.0001641799345912471, 0.0001326679346197164, 3.599873761730372e-05, 0.0014873770745762365, 0.0024386486967733732, 0.0025799652402568804, 0.001451059783161597, 3.912215817171061e-16, 0.0025754581375545004, 0.0006582079448074061, 1.169014464611567e-16, 0.00021099649955073744, 3.075432569907079e-17, 0.0001428101777794393, 3.452795660784071e-17, 0.00029307818494998903, 0.00033953233732887103, 0.00029096205270509037, 0.00010444091851586804, 5.042296812894462e-05, 2.2841998215572735e-05, 0.00033953233732853146, 0.00029096205270480913, 0.00010444091851589726, 5.0422968128907526e-05, 2.284199821554433e-05, 0.0012450759880058785, 0.001695858131679412, 9.816808619702368e-05, 5.982629264554524e-05, 2.3193646089368467e-17], [4.4197503604719736e-16, 9.656422030247446e-16, 1.3284161448022153e-16, 8.531423486295089e-17, 0.0007693039092095925, 1.7218122259680356e-16, 1.0819036510173576e-15, 3.6307280954586524e-16, 4.409919216446976e-17, 4.633129147704501e-16, 0.0239426144734494, 2.2122952272055438e-16, 9.674542547976623e-16, 0.011167187590414643, 2.645201460149819e-17, 0.0023529128453438214, 3.588679913755377e-17, 0.0005116944747448905, 2.230341188071561e-17, 0.0196054084665658, 0.009891370814761227, 0.0001224336871720958, 0.0009897493730329457, 0.0005319332653872493, 0.01960540846656793, 0.009891370814759893, 0.00012243368717208638, 0.000989749373033093, 0.000531933265387442, 8.875785736839439e-17, 1.950998739832355e-16, 2.5194076038773457e-15, 3.843767274656792e-16, 3.1401164845098395e-16, 0.01564448232342704, 4.2653609502186056e-16, 3.6148983046584664e-16, 0.007216756126415354, 8.25393263905199e-17, 0.00221914877063838, 7.615886154570522e-17, 0.0009280259521424695, 1.0179079807242385e-16, 0.014085166391333191, 0.00852316898917965, 1.85552990435674e-05, 0.0006839365653452743, 0.0002886851075382581, 0.014085166391334622, 0.008523168989180931, 1.8555299043555948e-05, 0.000683936565345503, 0.0002886851075385904, 2.419307022361398e-16, 1.9810994833351784e-16, 7.142485322119644e-16, 2.284315475837299e-16, 2.81292497820284e-16, 0.0006000545339273564, 9.807579080688217e-16, 5.112331932284217e-16, 0.0005169223872035786, 8.527751590703666e-17, 0.0009222455414777043, 5.0608156648384923e-17, 0.0005574198207017957, 8.701158909146729e-18, 0.0021117490887361096, 0.0028612535463431003, 0.00013724354181800743, 4.342574047177488e-05, 4.1746238502606624e-05, 0.002111749088736289, 0.002861253546344386, 0.0001372435418181006, 4.3425740471776206e-05, 4.1746238502508666e-05, 1.6440045518189267e-16, 3.4625684949977093e-16, 1.1171946108791293e-15, 2.8805508485580006e-16, 5.972088191461957e-16, 0.0008687114602293914, 3.427121235364257e-16, 8.854114905618201e-16, 0.0009865231714582148, 4.414537685710413e-17, 0.00013396134460218157, 8.259947145911285e-17, 4.2787301948599664e-05, 6.361613475348329e-17, 0.00036513439681479926, 0.00018157290951701768, 9.362693701119601e-05, 3.828902718653915e-05, 2.794454275131485e-05, 0.00036513439681573015, 0.00018157290951685564, 9.36269370112029e-05, 3.828902718656466e-05, 2.7944542751381347e-05, 6.767074272057205e-17, 1.1362258807635698e-16, 2.0868529678025285e-17, 2.3357211491423927e-17, 2.040337801029467e-05], [0.010958204888988143, 0.004802415872829352, 0.0008822084476931454, 9.664436248109789e-05, 1.5410123498496873e-17, 0.00022342303095299493, 0.0017877666287233697, 0.0003500994534311613, 0.0027078118391092357, 0.0222642975873431, 4.232887374307971e-16, 0.0004539856123462699, 0.009564237969998824, 1.9751937394450487e-16, 0.00039846166376205136, 3.588679913755377e-17, 0.001464491941589975, 1.6918737796952607e-17, 0.0009777517267214088, 0.011445224739503176, 0.005374661243224235, 3.847134759074732e-05, 6.282074975908628e-05, 0.0008088649028656018, 0.011445224739502373, 0.005374661243222888, 3.8471347590764614e-05, 6.28207497591588e-05, 0.000808864902865554, 0.0006764267350574931, 0.00873712997041661, 0.006484967838987412, 0.007626625993235131, 0.00943864118630278, 3.1617131813083957e-16, 0.0034178838946508716, 0.005035002871650743, 3.1177977431165886e-16, 1.723464812065814e-06, 7.071000000841307e-17, 0.0008558611317266611, 4.968096895216728e-17, 0.0010309246112552423, 0.0014106146872711262, 0.0025672187370595644, 0.0001501740859764571, 0.0003149600831125225, 0.00012243839668031302, 0.0014106146872720673, 0.0025672187370602163, 0.00015017408597645625, 0.0003149600831124208, 0.00012243839668019723, 8.295981231180234e-05, 0.0023287431049267356, 0.0023025256298959897